date,month,hour,minute,second,index,unknown1,unknown2,x,y
7,11,21,43,35,900,4,401511,52885.875,145471.40625
7,11,21,44,3,900,4,401511,52885.875,145471.40625
7,11,21,44,32,900,4,401511,52885.875,145471.40625
7,11,21,45,2,900,4,401511,52885.875,145471.40625
7,11,21,45,31,900,4,401511,52885.875,145471.40625
7,11,21,46,1,900,4,401511,52885.875,145471.40625
7,11,21,46,30,900,4,401511,52885.875,145471.40625
7,11,21,46,58,900,4,401511,52885.875,145471.40625
7,11,21,47,26,900,4,401511,52885.875,145471.40625
7,11,21,48,50,900,4,401511,52885.875,145471.40625
7,11,21,49,19,900,4,401511,52885.875,145471.40625
7,11,21,49,48,900,4,401511,52885.875,145471.40625
7,11,21,50,18,900,4,401511,52885.875,145471.40625
7,11,21,50,47,900,4,401511,52885.875,145471.40625
7,11,21,51,15,900,4,401511,52885.875,145471.40625
7,11,21,51,46,900,4,401511,52885.875,145471.40625
7,11,21,52,12,900,4,401511,52885.875,145471.40625
7,11,21,52,42,900,4,401511,52885.875,145471.40625
7,11,21,53,11,900,4,401511,52885.875,145471.40625
7,11,21,53,40,900,4,401511,52885.875,145471.40625
7,11,21,54,8,900,4,401511,52885.875,145471.40625
7,11,21,54,36,900,4,401511,52885.875,145471.40625
7,11,21,55,4,900,4,401511,52885.875,145471.40625
7,11,21,55,33,900,4,401511,52885.875,145471.40625
7,11,21,56,2,900,4,401511,52885.875,145471.40625
7,11,21,56,30,900,4,401511,52885.875,145471.40625
7,11,21,56,59,900,4,401511,52885.875,145471.40625
7,11,21,57,27,900,4,400513,52883.875,145471.453125
7,11,21,57,56,900,4,400513,52883.875,145471.453125
7,11,21,58,25,900,4,400513,52883.875,145471.453125
7,11,21,58,53,900,4,400513,52883.875,145471.453125
7,11,21,59,20,900,4,400513,52883.875,145471.453125
7,11,21,59,49,900,4,400513,52685.0,145476.703125
7,11,22,0,17,900,4,400513,52323.5,145678.421875
7,11,22,0,45,900,4,400513,52314.5,145696.46875
7,11,22,1,14,900,4,400513,52314.5,145696.46875
7,11,22,1,42,900,4,400513,52255.75,145862.125
7,11,22,2,9,900,4,400513,52255.75,145862.125
7,11,22,2,39,900,4,400513,52256.375,146021.921875
7,11,22,3,6,900,4,400513,52560.875,146150.0
7,11,22,3,37,900,4,400513,53360.75,146131.09375
7,11,22,4,4,900,4,400513,53456.375,146548.46875
7,11,22,4,33,900,4,400513,53487.5,147407.78125
7,11,22,5,2,900,4,400513,53596.875,148035.03125
7,11,22,5,30,900,4,400513,53359.625,148532.4375
7,11,22,5,59,900,4,400513,53264.125,148835.25
7,11,22,6,28,900,4,400513,53283.375,149714.484375
7,11,22,6,56,900,4,400513,52984.75,149817.234375
7,11,22,7,27,900,4,400513,52504.375,149965.765625
7,11,22,7,55,900,4,400513,52509.0,150245.859375
7,11,22,8,24,900,4,400513,52527.625,151325.40625
7,11,22,8,52,900,4,400513,52530.0,151465.453125
7,11,22,9,19,900,4,400513,52539.875,151925.328125
7,11,22,9,47,900,4,400513,52495.125,152153.828125
7,11,22,10,14,900,4,400513,52504.375,152693.609375
7,11,22,10,42,900,4,400513,52435.125,153628.90625
7,11,22,11,9,900,4,400513,52189.0,153699.28125
7,11,22,11,39,900,4,400513,51589.25,153712.203125
7,11,22,12,9,900,4,400513,51589.25,153712.203125
7,11,22,12,37,900,4,400513,51589.25,153712.203125
7,11,22,13,5,900,4,400513,51109.25,153721.03125
7,11,22,13,31,900,4,400513,50309.75,153741.484375
7,11,22,13,59,900,4,400513,50049.625,153748.3125
7,11,22,14,28,900,4,400513,49409.875,153764.265625
7,11,22,14,56,900,4,400513,49310.0,153766.921875
7,11,22,15,23,900,4,400513,49310.0,153766.921875
7,11,22,15,51,900,4,400513,49310.0,153766.921875
7,11,22,16,19,900,4,400513,49310.0,153766.921875
7,11,22,16,47,900,4,400513,49310.0,153766.921875
7,11,22,17,15,900,4,400513,49310.0,153766.921875
7,11,22,17,42,900,4,400513,49010.125,153774.515625
7,11,22,18,10,900,4,400513,48230.25,153792.125
7,11,22,18,38,900,4,400513,47782.625,153673.078125
7,11,22,19,6,900,4,400513,47540.5,153532.203125
7,11,22,19,34,900,4,400513,47540.5,153532.203125
7,11,22,20,1,900,4,400513,47488.875,153501.453125
7,11,22,20,27,900,4,400513,47053.875,153512.078125
7,11,22,20,57,900,4,400513,47053.875,153512.078125
7,11,22,21,25,900,4,400513,46890.875,153502.828125
7,11,22,21,54,900,4,400513,46685.375,153379.125
7,11,22,22,22,900,4,400513,46237.125,153116.390625
7,11,22,22,50,900,4,400513,45979.25,152963.0625
7,11,22,23,17,900,4,400513,45720.875,152810.109375
7,11,22,23,43,900,4,400513,45428.375,152637.03125
7,11,22,24,11,900,4,400513,45428.375,152637.03125
7,11,22,24,39,900,4,400513,45285.625,152706.9375
7,11,22,25,7,900,4,400513,45224.375,152810.28125
7,11,22,25,34,900,4,400513,45224.375,152810.28125
7,11,22,26,1,900,4,400513,45122.375,152982.28125
7,11,22,26,29,900,4,400513,44969.75,153240.640625
7,11,22,26,55,900,4,400513,44868.25,153411.90625
7,11,22,27,24,900,4,400513,44685.0,153721.578125
7,11,22,27,50,900,4,400513,44450.75,154117.609375
7,11,22,28,18,900,4,400513,44420.125,154169.28125
7,11,22,28,45,900,4,400513,44399.875,154203.609375
7,11,22,29,14,900,4,400513,44155.25,154616.640625
7,11,22,29,42,900,4,400513,44053.25,154788.640625
7,11,22,30,10,900,4,400009,43593.75,155565.25
7,11,22,30,40,900,4,400009,43532.875,155668.59375
7,11,22,31,8,900,4,400009,43482.0,155754.59375
7,11,22,31,35,900,4,400009,43482.0,155754.59375
7,11,22,32,1,900,4,400009,43482.0,155754.59375
7,11,22,32,30,900,4,400009,43482.0,155754.59375
7,11,22,32,57,900,4,400009,43412.125,155850.453125
7,11,22,33,26,900,4,400009,43367.5,155891.09375
7,11,22,33,53,900,4,400009,43042.0,156187.15625
7,11,22,34,19,900,4,400009,42627.75,156563.75
7,11,22,34,46,900,4,400009,42406.0,156765.484375
7,11,22,35,11,900,4,400009,42406.0,156765.484375
7,11,22,35,38,900,4,400009,42050.625,157088.78125
7,11,22,36,4,900,4,400009,41621.75,157478.828125
7,11,22,36,31,900,4,400009,41488.625,157600.015625
7,11,22,36,57,900,4,400009,41366.0,158160.625
7,11,22,37,24,900,4,400009,41473.5,158582.453125
7,11,22,37,53,900,4,400009,41480.75,158942.40625
7,11,22,38,20,900,4,400009,41480.75,158942.40625
7,11,22,38,55,900,4,400009,41480.75,158942.40625
7,11,22,39,17,900,4,400009,41499.25,159682.296875
7,11,22,39,43,900,4,400009,41508.75,160062.265625
7,11,22,40,10,900,4,400009,41513.25,160242.046875
7,11,22,40,36,900,4,400009,41518.0,160422.1875
7,11,22,41,2,900,4,400009,41528.25,160841.90625
7,11,22,41,29,900,4,400009,41536.5,161161.703125
7,11,22,41,56,900,4,400009,41536.5,161161.703125
7,11,22,42,23,900,4,400009,41537.25,161181.765625
7,11,22,42,51,900,4,400009,41794.875,161239.078125
7,11,22,43,17,900,4,400009,41864.75,161411.734375
7,11,22,43,44,900,4,400009,41872.375,161711.46875
7,11,22,44,10,900,4,400009,41879.125,161991.53125
7,11,22,44,38,900,4,400009,41893.125,162991.28125
7,11,22,45,6,900,4,400009,41991.25,163967.484375
7,11,22,45,33,900,4,400009,41583.625,164594.25
7,11,22,46,0,900,4,400009,41726.5,165174.09375
7,11,22,46,27,900,4,400009,41736.25,165534.0
7,11,22,46,53,900,4,400009,41113.875,165623.234375
7,11,22,47,20,900,4,400009,40594.125,165634.578125
7,11,22,47,47,900,4,400009,39754.375,165652.625
7,11,22,49,9,900,4,400009,39327.5,166115.296875
7,11,22,49,36,900,4,400009,39343.875,166775.328125
7,11,22,50,3,900,4,400009,39358.375,167375.1875
7,11,22,50,30,900,4,400009,39041.5,167481.4375
7,11,22,50,57,900,4,400009,38694.375,167310.640625
7,11,22,51,27,900,4,400009,38678.125,166551.015625
7,11,22,51,54,900,4,400009,38697.625,166159.515625
7,11,22,52,22,900,4,400009,39197.5,166149.234375
7,11,22,52,49,900,4,400009,39320.5,165857.859375
7,11,22,53,16,900,4,400009,39305.375,165318.1875
7,11,22,53,44,900,4,400009,39298.625,165078.265625
7,11,22,54,12,900,4,400009,39298.625,165078.265625
7,11,22,54,40,900,4,400009,39298.625,165078.265625
7,11,22,55,7,900,4,400009,39298.625,165078.265625
7,11,22,55,34,900,4,400009,39298.625,165078.265625
7,11,22,56,1,900,4,400009,39298.625,165078.265625
7,11,22,56,29,900,4,400009,39298.625,165078.265625
7,11,22,56,55,900,4,400009,39298.625,165078.265625
7,11,22,57,22,900,4,400009,39298.625,165078.265625
7,11,22,57,49,900,4,400009,39298.625,165078.265625
7,11,22,58,15,900,4,400009,39298.625,165078.265625
7,11,22,58,43,900,4,400009,39298.625,165078.265625
7,11,22,59,13,900,4,400009,39298.625,165078.265625
7,11,22,59,38,900,4,400009,39298.625,165078.265625
7,11,23,0,4,900,4,400009,39298.625,165078.265625
7,11,23,0,31,900,4,400009,39298.625,165078.265625
7,11,23,0,58,900,4,400009,39298.625,165078.265625
7,11,23,1,25,900,4,400009,39298.625,165078.265625
7,11,23,1,52,900,4,400009,39298.625,165078.265625
7,11,23,2,19,900,4,400009,39298.625,165078.265625
7,11,23,2,46,900,4,400009,39298.625,165078.265625
7,11,23,3,11,900,4,400009,39298.625,165078.265625
7,11,23,3,39,900,4,400009,39289.875,164758.46875
7,11,23,4,6,900,4,400009,39397.875,164374.71875
7,11,23,4,33,900,4,400009,39794.375,164411.375
7,11,23,5,0,900,4,400009,40208.0,164298.859375
7,11,23,5,26,900,4,400009,40187.375,163559.375
7,11,23,5,53,900,4,400009,40498.5,163465.671875
7,11,23,6,19,900,4,401005,40723.75,163770.984375
7,11,23,6,47,900,4,401005,40663.625,163772.171875
7,11,23,7,14,900,4,401005,40643.625,163772.5625
7,11,23,7,42,900,4,401005,40303.75,163780.359375
7,11,23,8,8,900,4,401005,40202.125,164092.484375
7,11,23,8,35,900,4,401005,40206.75,164252.546875
7,11,23,9,1,900,4,401005,39880.875,164409.671875
7,11,23,9,27,900,4,401005,39464.5,164373.40625
7,11,23,9,52,900,4,401005,39283.0,164511.984375
7,11,23,10,18,900,4,401005,39289.75,164751.546875
7,11,23,10,44,900,4,401005,39308.0,165411.546875
7,11,23,11,10,900,4,401005,39582.875,165699.0625
7,11,23,11,36,900,4,401005,39978.625,165647.828125
7,11,23,12,3,900,4,401005,40378.375,165639.1875
7,11,23,12,30,900,4,401005,41138.375,165622.75
7,11,23,12,55,900,4,401005,41737.625,165589.78125
7,11,23,13,22,900,4,401005,41719.0,164910.09375
7,11,23,13,47,900,4,401005,41584.25,164411.09375
7,11,23,14,15,900,4,401005,41988.75,164002.921875
7,11,23,14,41,900,4,401005,41935.0,163275.390625
7,11,23,15,5,900,4,401005,41891.75,162467.03125
7,11,23,15,33,900,4,401005,41870.625,161647.296875
7,11,23,15,58,900,4,401005,41810.625,161238.765625
7,11,23,16,25,900,4,401005,41537.5,161197.4375
7,11,23,16,50,900,4,401005,41531.25,160957.5
7,11,23,17,17,900,4,401005,41523.5,160637.6875
7,11,23,17,42,900,4,401005,41501.625,159777.84375
7,11,23,18,7,900,4,401005,41496.125,159557.953125
7,11,23,18,33,900,4,401005,41489.5,159297.953125
7,11,23,18,58,900,4,401005,41475.625,158678.359375
7,11,23,19,23,900,4,401005,41471.875,158538.34375
7,11,23,19,47,900,4,401005,41403.25,158201.859375
7,11,23,20,12,900,4,401005,41161.0,157935.546875
7,11,23,20,38,900,4,401005,41299.375,157772.296875
7,11,23,21,4,900,4,401005,41713.5,157395.296875
7,11,23,21,29,900,4,401005,41846.875,157274.109375
7,11,23,21,54,900,4,401005,41920.75,157206.984375
7,11,23,22,18,900,4,401005,42187.125,156964.609375
7,11,23,23,4,900,4,401005,42823.375,156385.890625
7,11,23,23,4,900,4,401005,42823.375,156385.890625
7,11,23,23,31,900,4,401005,43045.125,156184.171875
7,11,23,23,56,900,4,401005,43385.5,155874.6875
7,11,23,24,21,900,4,401005,43429.75,155834.421875
7,11,23,24,46,900,4,401005,43626.5,155509.875
7,11,23,25,10,900,4,401005,44044.75,154803.40625
7,11,23,25,11,900,4,401005,44044.75,154803.40625
7,11,23,25,35,900,4,401005,44044.75,154803.40625
7,11,23,25,59,900,4,401005,44044.75,154803.40625
7,11,23,26,24,900,4,401005,44044.75,154803.40625
7,11,23,26,48,900,4,401005,44044.75,154803.40625
7,11,23,27,12,900,4,401005,44044.75,154803.40625
7,11,23,27,37,900,4,401005,44044.75,154803.40625
7,11,23,28,1,900,4,401005,44044.75,154803.40625
7,11,23,28,26,900,4,401511,44045.625,154801.5625
7,11,23,28,50,900,4,401511,44045.625,154801.5625
7,11,23,29,16,900,4,401511,44045.625,154801.5625
7,11,23,29,41,900,4,401511,44045.625,154801.5625
7,11,23,30,7,900,4,401511,44045.625,154801.5625
7,11,23,30,32,900,4,401511,44136.875,154647.640625
7,11,23,30,58,900,4,401511,44299.75,154372.296875
7,11,23,31,23,900,4,401511,44320.375,154337.96875
7,11,23,31,47,900,4,401511,44422.125,154165.96875
7,11,23,32,11,900,4,401511,44625.875,153821.59375
7,11,23,32,35,900,4,401511,44737.875,153632.25
7,11,23,33,46,900,4,401511,45183.625,152879.296875
7,11,23,34,10,900,4,401511,45183.625,152879.296875
7,11,23,34,35,900,4,401511,45393.125,152617.28125
7,11,23,34,59,900,4,401511,45514.25,152687.890625
7,11,23,35,23,900,4,401511,45514.25,152687.890625
7,11,23,35,47,900,4,401511,45514.25,152687.890625
7,11,23,36,11,900,4,401511,45634.5,152759.25
7,11,23,36,35,900,4,401511,45824.0,152871.21875
7,11,23,36,59,900,4,401511,46065.125,153013.921875
7,11,23,37,23,900,4,401511,46564.25,153308.5
7,11,23,37,47,900,4,401511,46890.875,153502.828125
7,11,23,38,11,900,4,401511,47063.875,153494.734375
7,11,23,38,35,900,4,401511,47179.125,153318.109375
7,11,23,38,58,900,4,401511,47299.375,153389.46875
7,11,23,39,22,900,4,401511,47747.5,153653.703125
7,11,23,39,48,900,4,401511,47747.5,153653.703125
7,11,23,40,10,900,4,401511,47992.375,153789.78125
7,11,23,40,33,900,4,401511,48210.0,153792.875
7,11,23,40,57,900,4,401511,48210.0,153792.875
7,11,23,41,21,900,4,401511,48230.0,153792.125
7,11,23,41,44,900,4,401511,48769.875,153779.875
7,11,23,42,8,900,4,401511,49029.875,153774.140625
7,11,23,42,32,900,4,401511,49069.75,153773.0
7,11,23,42,56,900,4,401511,49689.5,153757.421875
7,11,23,43,19,900,4,401511,49949.375,153750.59375
7,11,23,43,49,900,4,401511,50489.25,153736.9375
7,11,23,44,6,900,4,401511,50489.25,153736.9375
7,11,23,44,30,900,4,401511,50529.5,153735.796875
7,11,23,44,53,900,4,401511,51309.0,153716.84375
7,11,23,45,17,900,4,401511,51469.125,153714.140625
7,11,23,45,41,900,4,401511,52009.0,153703.078125
7,11,23,46,51,900,4,401511,52493.125,153230.859375
7,11,23,47,16,900,4,401511,52497.25,152293.890625
7,11,23,47,40,900,4,401511,52540.625,151965.4375
7,11,23,48,4,900,4,401511,52536.0,151765.59375
7,11,23,48,28,900,4,401511,52523.625,151105.859375
7,11,23,48,51,900,4,401511,52512.125,150425.65625
7,11,23,49,15,900,4,401511,52684.875,149825.859375
7,11,23,49,39,900,4,401511,52759.875,149721.546875
7,11,23,50,26,900,4,401511,52744.375,148861.578125
7,11,23,50,50,900,4,401511,52918.125,148547.78125
7,11,23,51,14,900,4,401511,53417.75,148530.234375
7,11,23,51,37,900,4,401511,53620.875,148375.328125
7,11,23,52,0,900,4,401511,53602.125,148076.53125
7,11,23,52,24,900,4,401511,53484.625,147309.703125
7,11,23,52,48,900,4,401511,53456.625,146550.296875
7,11,23,53,12,900,4,401511,53433.0,145790.796875
7,11,23,53,35,900,4,401511,53196.5,145464.765625
7,11,23,53,59,900,4,401511,52976.625,145469.3125
7,11,23,54,23,900,4,401511,52916.75,145470.828125
7,11,23,54,46,900,4,401511,52896.75,145471.203125
7,11,23,55,9,900,4,401511,52896.75,145471.203125
7,11,23,55,33,900,4,401511,52896.75,145471.203125
7,11,23,55,57,900,4,401511,52896.75,145471.203125
7,11,23,56,20,900,4,401511,52896.75,145471.203125
7,11,23,56,44,900,4,401511,52896.75,145471.203125
7,11,23,57,7,900,4,401511,52896.75,145471.203125
7,11,23,57,31,900,4,401511,52896.75,145471.203125
7,11,23,57,54,900,4,401511,52896.75,145471.203125
7,11,23,58,18,900,4,401511,52896.75,145471.203125
7,11,23,58,42,900,4,401511,52896.75,145471.203125
7,11,23,59,5,900,4,401511,52896.75,145471.203125
7,11,23,59,29,900,4,401511,52896.75,145471.203125
8,11,0,0,16,900,4,401511,52896.75,145471.203125
8,11,0,0,40,900,4,401511,52885.875,145471.40625
8,11,0,1,3,900,4,401511,52885.875,145471.40625
8,11,0,1,27,900,4,401511,52885.875,145471.40625
8,11,0,1,50,900,4,401511,52885.875,145471.40625
8,11,0,2,13,900,4,401511,52885.875,145471.40625
8,11,0,2,36,900,4,401511,52885.875,145471.40625
8,11,0,3,0,900,4,401511,52885.875,145471.40625
8,11,0,3,23,900,4,401511,52885.875,145471.40625
8,11,0,3,46,900,4,401511,52885.875,145471.40625
8,11,0,4,9,900,4,401511,52885.875,145471.40625
8,11,0,4,31,900,4,401511,52885.875,145471.40625
8,11,0,4,55,900,4,401511,52885.875,145471.40625
8,11,0,5,19,900,4,401511,52885.875,145471.40625
8,11,0,5,42,900,4,401511,52885.875,145471.40625
8,11,0,6,5,900,4,401511,52885.875,145471.40625
8,11,0,6,29,900,4,401511,52885.875,145471.40625
8,11,0,6,52,900,4,401511,52885.875,145471.40625
8,11,0,7,15,900,4,401511,52885.875,145471.40625
8,11,0,7,38,900,4,401511,52885.875,145471.40625
8,11,0,8,1,900,4,401511,52885.875,145471.40625
8,11,0,8,25,900,4,401511,52885.875,145471.40625
8,11,0,8,47,900,4,401511,52885.875,145471.40625
8,11,0,9,11,900,4,401511,52885.875,145471.40625
8,11,0,9,34,900,4,401511,52885.875,145471.40625
8,11,0,9,57,900,4,401511,52885.875,145471.40625
8,11,0,10,20,900,4,401511,52885.875,145471.40625
8,11,0,10,44,900,4,401511,52885.875,145471.40625
8,11,0,11,7,900,4,401511,52885.875,145471.40625
8,11,0,11,30,900,4,401511,52885.875,145471.40625
8,11,0,11,53,900,4,401511,52885.875,145471.40625
8,11,0,12,16,900,4,401511,52885.875,145471.40625
8,11,0,12,39,900,4,401511,52885.875,145471.40625
8,11,0,13,2,900,4,401511,52885.875,145471.40625
8,11,0,13,25,900,4,401511,52885.875,145471.40625
8,11,0,13,48,900,4,401511,52885.875,145471.40625
8,11,0,14,11,900,4,401511,52885.875,145471.40625
8,11,0,14,34,900,4,401511,52885.875,145471.40625
8,11,0,14,57,900,4,401511,52885.875,145471.40625
8,11,0,15,21,900,4,401511,52885.875,145471.40625
8,11,0,15,44,900,4,401511,52885.875,145471.40625
8,11,0,16,6,900,4,401511,52885.875,145471.40625
8,11,0,16,29,900,4,401511,52885.875,145471.40625
8,11,0,16,53,900,4,401511,52885.875,145471.40625
8,11,0,17,16,900,4,401511,52885.875,145471.40625
8,11,0,17,39,900,4,401511,52885.875,145471.40625
8,11,0,18,2,900,4,401511,52885.875,145471.40625
8,11,0,18,25,900,4,401511,52885.875,145471.40625
8,11,0,18,48,900,4,401511,52885.875,145471.40625
8,11,0,19,11,900,4,401511,52885.875,145471.40625
8,11,0,19,33,900,4,401511,52885.875,145471.40625
8,11,0,19,57,900,4,401511,52885.875,145471.40625
8,11,0,20,24,900,4,401511,52885.875,145471.40625
8,11,0,20,43,900,4,401511,52885.875,145471.40625
8,11,0,21,6,900,4,401511,52885.875,145471.40625
8,11,0,21,29,900,4,401511,52885.875,145471.40625
8,11,0,21,52,900,4,401511,52885.875,145471.40625
8,11,0,22,16,900,4,401511,52885.875,145471.40625
8,11,0,22,38,900,4,401511,52885.875,145471.40625
8,11,0,23,1,900,4,401511,52885.875,145471.40625
8,11,0,23,24,900,4,401511,52885.875,145471.40625
8,11,0,23,47,900,4,401511,52885.875,145471.40625
8,11,0,24,9,900,4,401511,52885.875,145471.40625
8,11,0,24,32,900,4,401511,52885.875,145471.40625
8,11,0,24,55,900,4,401511,52885.875,145471.40625
8,11,0,25,17,900,4,401511,52885.875,145471.40625
8,11,0,25,41,900,4,401511,52885.875,145471.40625
8,11,0,26,3,900,4,401511,52885.875,145471.40625
8,11,0,26,26,900,4,401511,52885.875,145471.40625
8,11,0,26,50,900,4,401511,52885.875,145471.40625
8,11,0,27,13,900,4,401511,52885.875,145471.40625
8,11,0,27,36,900,4,401511,52885.875,145471.40625
8,11,0,27,58,900,4,401511,52885.875,145471.40625
8,11,0,28,21,900,4,400513,52883.875,145471.453125
8,11,0,28,44,900,4,400513,52883.875,145471.453125
8,11,0,29,8,900,4,400513,52883.875,145471.453125
8,11,0,29,30,900,4,400513,52883.875,145471.453125
8,11,0,29,53,900,4,400513,52883.875,145471.453125
8,11,0,30,16,900,4,400513,52883.875,145471.453125
8,11,0,30,39,900,4,400513,52864.875,145471.8125
8,11,0,31,3,900,4,400513,52665.0,145477.4375
8,11,0,31,25,900,4,400513,52342.125,145643.03125
8,11,0,31,51,900,4,400513,52256.5,146041.984375
8,11,0,32,15,900,4,400513,52481.0,146151.890625
8,11,0,32,39,900,4,400513,53040.75,146137.921875
8,11,0,33,4,900,4,400513,53444.0,146248.8125
8,11,0,33,28,900,4,400513,53469.125,146807.984375
8,11,0,33,52,900,4,400513,53533.125,147783.421875
8,11,0,34,15,900,4,400513,53459.75,148528.71875
8,11,0,34,39,900,4,400513,53261.0,148655.078125
8,11,0,35,59,900,4,400513,53044.875,149815.34375
8,11,0,36,24,900,4,400513,52503.625,149925.640625
8,11,0,36,48,900,4,400513,52509.5,150285.625
8,11,0,37,12,900,4,400513,52525.25,151185.71875
8,11,0,37,36,900,4,400513,52530.0,151465.453125
8,11,0,38,0,900,4,400513,52495.625,152193.59375
8,11,0,38,24,900,4,400513,52507.0,153112.75
8,11,0,38,47,900,4,400513,52309.125,153699.171875
8,11,0,39,12,900,4,400513,52149.125,153700.03125
8,11,0,39,35,900,4,400513,52149.125,153700.03125
8,11,0,39,59,900,4,400513,52149.125,153700.03125
8,11,0,40,24,900,4,400513,51869.125,153706.125
8,11,0,40,47,900,4,400513,51609.25,153711.828125
8,11,0,41,11,900,4,400513,50929.5,153725.578125
8,11,0,41,35,900,4,400513,50089.5,153747.171875
8,11,0,41,59,900,4,400513,49449.75,153763.5
8,11,0,42,23,900,4,400513,48870.0,153777.953125
8,11,0,42,47,900,4,400513,48330.125,153789.828125
8,11,0,43,11,900,4,400513,47817.5,153692.46875
8,11,0,43,35,900,4,400513,47817.5,153692.46875
8,11,0,43,59,900,4,400513,47782.625,153673.078125
8,11,0,44,23,900,4,400513,47661.125,153603.5625
8,11,0,44,47,900,4,400513,47661.125,153603.5625
8,11,0,45,9,900,4,400513,47661.125,153603.5625
8,11,0,45,32,900,4,400513,47643.875,153593.3125
8,11,0,45,56,900,4,400513,47540.5,153532.203125
8,11,0,46,19,900,4,400513,47540.5,153532.203125
8,11,0,46,42,900,4,400513,47471.625,153491.578125
8,11,0,47,5,900,4,400513,47053.875,153512.078125
8,11,0,47,28,900,4,400513,46890.875,153502.828125
8,11,0,47,51,900,4,400513,46839.125,153472.453125
8,11,0,48,14,900,4,400513,46839.125,153472.453125
8,11,0,48,37,900,4,400513,46685.375,153379.125
8,11,0,48,59,900,4,400513,46287.125,153149.34375
8,11,0,49,22,900,4,400513,45892.875,152912.203125
8,11,0,49,45,900,4,400513,45669.25,152779.734375
8,11,0,50,7,900,4,400513,45359.125,152596.421875
8,11,0,50,28,900,4,400513,45234.5,152792.9375
8,11,0,50,54,900,4,400513,45234.5,152792.9375
8,11,0,51,14,900,4,400513,45183.625,152878.9375
8,11,1,19,57,900,4,400009,39344.75,165703.78125
8,11,1,19,57,900,4,400009,39344.75,165703.78125
8,11,1,20,18,900,4,400009,39323.75,165975.625
8,11,1,20,39,900,4,400009,39334.625,166395.34375
8,11,1,21,0,900,4,400009,39345.625,166855.1875
8,11,1,21,22,900,4,400009,39358.75,167394.890625
8,11,1,22,4,900,4,400009,38697.375,167450.6875
8,11,1,22,26,900,4,400009,38689.75,167090.734375
8,11,1,22,46,900,4,400009,38680.75,166670.984375
8,11,1,23,7,900,4,400009,38669.5,166191.078125
8,11,1,23,28,900,4,400009,38757.625,166158.328125
8,11,1,23,48,900,4,400009,39057.5,166152.375
8,11,1,24,8,900,4,400009,39327.875,166117.84375
8,11,1,24,28,900,4,400009,39320.5,165857.859375
8,11,1,24,48,900,4,400009,39312.75,165577.8125
8,11,1,25,8,900,4,400009,39308.125,165418.109375
8,11,1,25,27,900,4,400009,39308.125,165418.109375
8,11,1,25,48,900,4,400009,39308.125,165418.109375
8,11,1,26,8,900,4,400009,39308.125,165418.109375
8,11,1,26,28,900,4,400009,39308.125,165418.109375
8,11,1,26,48,900,4,400009,39308.125,165418.109375
8,11,1,27,28,900,4,400009,39308.125,165418.109375
8,11,1,27,48,900,4,400009,39308.125,165418.109375
8,11,1,28,9,900,4,400009,39308.125,165418.109375
8,11,1,28,28,900,4,400009,39308.125,165418.109375
8,11,1,28,48,900,4,400009,39308.125,165418.109375
8,11,1,29,8,900,4,400009,39308.125,165418.109375
8,11,1,29,28,900,4,400009,39308.125,165418.109375
8,11,1,29,48,900,4,400009,39308.125,165418.109375
8,11,1,30,8,900,4,400009,39308.125,165418.109375
8,11,1,30,28,900,4,400009,39308.125,165418.109375
8,11,1,30,48,900,4,400009,39308.125,165418.109375
8,11,1,31,8,900,4,400009,39308.125,165418.109375
8,11,1,31,27,900,4,400009,39308.125,165418.109375
8,11,1,31,47,900,4,400009,39308.125,165418.109375
8,11,1,32,7,900,4,400009,39308.125,165418.109375
8,11,1,32,26,900,4,400009,39308.125,165418.109375
8,11,1,32,46,900,4,400009,39308.125,165418.109375
8,11,1,33,5,900,4,400009,39308.125,165418.109375
8,11,1,33,25,900,4,400009,39302.375,165218.28125
8,11,1,33,44,900,4,400009,39288.125,164698.3125
8,11,1,34,3,900,4,400009,39317.75,164376.296875
8,11,1,34,23,900,4,400009,39537.625,164371.953125
8,11,1,34,43,900,4,400009,39794.375,164411.375
8,11,1,35,3,900,4,400009,40210.625,164398.78125
8,11,1,35,21,900,4,400009,40205.25,164198.953125
8,11,1,35,40,900,4,400009,40190.375,163659.28125
8,11,1,35,58,900,4,400009,40278.625,163470.75
8,11,1,36,16,900,4,400009,40618.625,163462.9375
8,11,1,36,36,900,4,401012,40792.25,163719.28125
8,11,1,36,53,900,4,401012,40793.375,163759.390625
8,11,1,37,13,900,4,401012,40793.375,163759.390625
8,11,1,37,32,900,4,401012,40793.375,163759.390625
8,11,1,37,50,900,4,401012,40793.375,163759.390625
8,11,1,38,9,900,4,401012,40793.375,163759.390625
8,11,1,38,27,900,4,401012,40643.625,163772.5625
8,11,1,38,46,900,4,401012,40464.0,163776.828125
8,11,1,39,4,900,4,401012,40196.75,163892.65625
8,11,1,39,23,900,4,401012,40201.75,164072.421875
8,11,1,39,42,900,4,401012,40060.875,164405.75
8,11,1,40,20,900,4,401012,39404.5,164374.578125
8,11,1,40,36,900,4,401012,39283.0,164511.984375
8,11,1,40,55,900,4,401012,39288.0,164691.75
8,11,1,41,13,900,4,401012,39307.25,165391.484375
8,11,1,41,35,900,4,401012,39443.125,165701.828125
8,11,1,41,51,900,4,401012,39563.0,165699.453125
8,11,1,42,9,900,4,401012,39645.625,165680.671875
8,11,1,42,27,900,4,401012,39978.625,165647.828125
8,11,1,42,46,900,4,401012,40698.375,165632.15625
8,11,1,43,4,900,4,401012,41318.25,165618.84375
8,11,1,43,23,900,4,401012,41738.0,165609.84375
8,11,1,43,41,900,4,401012,41726.375,165169.71875
8,11,1,44,0,900,4,401012,41637.625,164694.625
8,11,1,44,36,900,4,401012,41972.125,164060.15625
8,11,1,44,55,900,4,401012,41980.0,163543.390625
8,11,1,45,14,900,4,401012,41893.375,163067.15625
8,11,1,45,32,900,4,401012,41890.0,162407.234375
8,11,1,45,51,900,4,401012,41874.125,161787.328125
8,11,1,46,9,900,4,401012,41862.625,161327.5
8,11,1,46,28,900,4,401012,41770.625,161239.546875
8,11,1,46,47,900,4,401012,41570.75,161244.578125
8,11,1,47,5,900,4,401012,41534.375,161077.46875
8,11,1,47,23,900,4,401012,41523.5,160637.6875
8,11,1,47,41,900,4,401012,41523.5,160637.6875
8,11,1,48,0,900,4,401012,41523.5,160637.6875
8,11,1,48,18,900,4,401012,41514.875,160297.828125
8,11,1,48,37,900,4,401012,41499.625,159697.984375
8,11,1,48,55,900,4,401012,41492.25,159398.234375
8,11,1,49,14,900,4,401012,41492.25,159398.234375
8,11,1,49,32,900,4,401012,41492.25,159398.234375
8,11,1,49,51,900,4,401012,41492.25,159398.234375
8,11,1,50,9,900,4,401012,41492.25,159398.234375
8,11,1,50,27,900,4,401012,41492.25,159398.234375
8,11,1,50,45,900,4,401012,41487.0,159158.265625
8,11,1,51,4,900,4,401012,41474.375,158618.1875
8,11,1,51,22,900,4,401012,41466.625,158398.34375
8,11,1,51,40,900,4,401012,41466.625,158398.34375
8,11,1,51,57,900,4,401012,41466.625,158398.34375
8,11,1,52,16,900,4,401012,41466.625,158398.34375
8,11,1,52,34,900,4,401012,41466.25,158378.296875
8,11,1,52,52,900,4,401012,41363.0,158157.40625
8,11,1,53,10,900,4,401012,41188.0,157964.9375
8,11,1,53,27,900,4,401012,41240.25,157826.0
8,11,1,53,45,900,4,401012,41299.375,157772.296875
8,11,1,54,3,900,4,401012,41314.125,157758.875
8,11,1,54,21,900,4,401012,41757.875,157355.015625
8,11,1,54,40,900,4,401012,42231.5,156924.328125
8,11,1,54,58,900,4,401012,42645.75,156547.359375
8,11,1,55,16,900,4,401012,42837.875,156372.46875
8,11,1,55,34,900,4,401012,43163.375,156076.421875
8,11,1,55,53,900,4,401012,43453.625,155802.578125
8,11,1,56,10,900,4,401012,43463.875,155785.234375
8,11,1,56,29,900,4,401012,43545.125,155647.5625
8,11,1,56,46,900,4,401012,43657.125,155458.203125
8,11,1,57,4,900,4,401012,43657.125,155458.203125
8,11,1,57,24,900,4,401012,43667.375,155440.859375
8,11,1,57,42,900,4,401012,43830.25,155165.5
8,11,1,57,59,900,4,401012,44054.5,154786.796875
8,11,1,58,17,900,4,401012,44105.375,154700.796875
8,11,1,58,35,900,4,401012,44135.875,154649.125
8,11,1,58,52,900,4,401012,44227.625,154494.46875
8,11,1,59,10,900,4,401012,44298.875,154373.78125
8,11,1,59,28,900,4,401012,44319.375,154339.453125
8,11,1,59,46,900,4,401012,44421.125,154167.453125
8,11,2,0,4,900,4,401012,44645.125,153788.75
8,11,2,0,21,900,4,401012,44798.0,153530.75
8,11,2,0,39,900,4,401012,44961.0,153255.046875
8,11,2,1,32,900,4,401012,45295.625,152689.96875
8,11,2,1,50,900,4,401012,45448.5,152431.59375
8,11,2,2,7,900,4,401012,45448.5,152431.59375
8,11,2,2,25,900,4,401012,45619.375,152211.921875
8,11,2,2,43,900,4,401012,45622.375,151955.390625
8,11,2,3,0,900,4,401012,45618.0,151755.546875
8,11,2,3,19,900,4,401012,45615.125,151635.578125
8,11,2,3,35,900,4,401012,45615.125,151635.578125
8,11,2,3,52,900,4,401012,45636.375,151481.921875
8,11,2,4,9,900,4,401012,45748.125,151292.59375
8,11,2,4,27,900,4,401012,46042.25,151275.9375
8,11,15,1,43,900,3,301524,45346.5,152603.96875
8,11,15,1,43,900,3,301524,45346.5,152603.96875
8,11,15,3,3,900,3,301524,46406.875,153220.71875
8,11,15,3,10,900,3,301524,46529.625,153288.015625
8,11,15,4,9,900,3,301524,46616.25,153338.5
8,11,15,5,24,900,3,301524,46856.125,153482.34375
8,11,15,6,39,900,3,301524,47299.375,153389.46875
8,11,15,7,53,900,3,301524,48229.75,153792.125
8,11,15,9,5,900,3,301524,48609.875,153783.703125
8,11,15,10,19,900,3,301524,49549.375,153760.84375
8,11,15,11,33,900,3,301524,49649.25,153758.1875
8,11,15,12,47,900,3,301524,49949.375,153750.59375
8,11,15,14,3,900,3,301524,50149.25,153745.65625
8,11,15,15,27,900,3,301524,50849.125,153727.84375
8,11,15,16,32,900,3,301524,51269.0,153717.234375
8,11,15,17,49,900,3,301524,51885.625,153831.671875
8,11,15,19,3,900,3,301524,51888.875,153991.765625
8,11,15,20,17,900,3,301524,51888.875,153991.765625
8,11,15,21,34,900,3,301524,51888.875,153991.765625
8,11,15,22,51,900,3,301524,51890.75,154071.640625
8,11,15,24,14,900,3,301524,51890.75,154071.640625
8,11,15,25,25,900,3,301524,51890.75,154071.640625
8,11,15,26,42,900,3,301524,51890.75,154071.640625
8,11,15,28,0,900,3,301524,51890.75,154071.640625
8,11,15,29,17,900,3,301524,51890.75,154071.640625
8,11,15,30,38,900,3,301524,51890.75,154071.640625
8,11,15,32,2,900,3,301524,51890.75,154071.640625
8,11,15,33,31,900,3,301524,51890.75,154071.640625
8,11,15,34,58,900,3,301524,51890.75,154071.640625
8,11,15,36,19,900,3,301524,51890.75,154071.640625
8,11,15,37,44,900,3,301524,51890.75,154071.640625
8,11,15,39,7,900,3,301524,51890.75,154071.640625
8,11,15,40,30,900,3,301524,51890.75,154071.640625
8,11,15,41,54,900,3,301524,51884.0,153757.640625
8,11,15,46,4,900,3,300505,52329.125,154370.4375
8,11,15,46,4,900,3,300505,52329.125,154370.4375
8,11,15,47,28,900,3,300505,52445.75,153872.046875
8,11,15,48,54,900,3,300505,51292.5,153716.796875
8,11,15,50,18,900,3,300505,50073.0,153747.484375
8,11,15,51,45,900,3,300505,48973.375,153775.59375
8,11,15,53,11,900,3,300505,48133.625,153794.71875
8,11,15,54,44,900,3,300505,47629.375,153584.84375
8,11,15,56,16,900,3,300505,47474.375,153492.984375
8,11,15,57,49,900,3,300505,47268.25,153370.734375
8,11,15,59,23,900,3,300505,47216.625,153340.359375
8,11,16,0,53,900,3,300505,46688.125,153380.890625
8,11,16,2,28,900,3,300505,46239.875,153117.796875
8,11,16,4,1,900,3,300505,45706.375,152801.625
8,11,16,7,15,900,3,300505,45134.375,152962.34375
8,11,16,8,48,900,3,300505,44837.5,153463.953125
8,11,16,10,21,900,3,300505,44430.0,154152.6875
8,11,16,11,55,900,3,300505,44093.625,154720.359375
8,11,16,13,30,900,4,400004,43748.5,155303.546875
8,11,16,15,6,900,4,400004,43340.875,155915.328125
8,11,16,16,56,900,4,400004,42586.25,156601.421875
8,11,16,18,41,900,4,400004,41565.75,157529.90625
8,11,16,20,28,900,4,400004,41467.25,158418.765625
8,11,16,22,9,900,4,400004,41488.0,159198.375
8,11,16,23,53,900,4,400004,41511.125,160158.171875
8,11,16,25,35,900,4,400004,41538.5,161237.921875
8,11,16,27,16,900,4,400004,41892.75,162707.4375
8,11,16,28,59,900,4,400004,41699.375,164772.9375
8,11,16,30,45,900,4,400004,40238.25,165642.328125
8,11,16,32,31,900,4,400004,39310.625,165511.09375
8,11,16,34,17,900,4,400004,39309.625,165471.34375
8,11,16,36,2,900,4,400004,39285.75,164611.53125
8,11,16,37,52,900,4,400004,40189.0,163612.25
8,11,16,39,44,900,4,400004,40784.5,163459.3125
8,11,16,41,30,900,4,400004,40784.5,163459.3125
8,11,16,43,18,900,4,400004,40784.5,163459.3125
8,11,16,45,9,900,4,400004,40784.5,163459.3125
8,11,16,46,57,900,4,400004,40784.5,163459.3125
8,11,16,48,47,900,4,401012,40785.25,163460.390625
8,11,16,50,40,900,4,401012,40443.75,163777.234375
8,11,16,54,33,900,4,401012,39463.125,165701.4375
8,11,16,54,33,900,4,401012,39463.125,165701.4375
8,11,16,56,27,900,4,401012,41706.125,164791.40625
8,11,16,58,18,900,4,401012,41894.625,163167.09375
8,11,17,0,12,900,4,401012,41536.125,161137.640625
8,11,17,2,5,900,4,401012,41502.125,159797.890625
8,11,17,3,56,900,4,401012,41466.625,158398.34375
8,11,17,5,54,900,4,401012,41255.0,157812.578125
8,11,17,7,44,900,4,401012,41491.75,157597.03125
8,11,17,9,36,900,4,401012,42512.375,156668.53125
8,11,17,11,25,900,4,401012,43521.25,155688.15625
8,11,17,13,31,900,4,401012,44054.5,154786.796875
8,11,17,15,47,900,4,401012,44217.375,154511.453125
8,11,17,17,40,900,4,401012,44584.0,153892.09375
8,11,17,19,31,900,4,401012,44798.0,153530.75
8,11,17,21,29,900,4,401012,45225.875,152807.703125
8,11,17,23,29,900,4,401012,45509.875,152328.609375
8,11,17,25,22,900,4,401012,45842.125,151280.1875
9,11,4,43,1,900,2,200521,57611.75,155698.578125
9,11,4,43,23,900,2,200521,57566.875,155908.109375
9,11,4,43,46,900,2,200521,57542.375,156005.25
9,11,4,44,7,900,2,200521,57542.375,156005.25
9,11,4,44,30,900,2,200521,57542.375,156005.25
9,11,4,44,53,900,2,200521,57542.375,156005.25
9,11,4,45,16,900,2,200521,57542.375,156005.25
9,11,4,45,39,900,2,200521,57542.375,156005.25
9,11,4,46,0,900,2,200521,57542.375,156005.25
9,11,4,46,23,900,2,200521,57542.375,156005.25
9,11,4,46,44,900,2,200521,57542.375,156005.25
9,11,4,47,6,900,2,200521,57542.375,156005.25
9,11,4,47,30,900,2,200521,57542.375,156005.25
9,11,4,47,53,900,2,200521,57537.5,156024.671875
9,11,4,48,16,900,2,200521,57467.25,156274.4375
9,11,4,48,41,900,2,200521,57133.25,156957.140625
9,11,4,49,5,900,2,200521,57004.875,157683.375
9,11,4,49,29,900,2,200521,56552.75,158066.234375
9,11,4,49,53,900,2,200521,55874.125,157843.015625
9,11,4,50,20,900,2,200521,55855.625,157343.546875
9,11,4,50,42,900,2,200521,55822.125,156463.84375
9,11,4,51,6,900,2,200521,55468.625,156095.84375
9,11,4,51,31,900,2,200521,55228.75,156106.234375
9,11,4,51,55,900,2,200521,54988.875,156115.15625
9,11,4,52,20,900,2,200521,54529.0,156128.984375
9,11,4,52,45,900,2,200521,53689.25,156140.9375
9,11,4,53,10,900,2,200521,53269.25,156148.9375
9,11,4,53,36,900,2,200521,53169.125,156151.578125
9,11,4,54,1,900,2,200521,52629.375,156164.421875
9,11,4,54,27,900,2,200521,52149.625,156168.125
9,11,4,54,53,900,2,200521,52465.375,156166.46875
9,11,4,55,19,900,2,200521,51785.5,156170.34375
9,11,4,55,45,900,2,200521,51625.5,156171.21875
9,11,4,56,13,900,2,200521,51025.375,156179.796875
9,11,4,56,40,900,2,200521,50765.75,156185.859375
9,11,4,57,7,900,2,200521,50105.875,156200.734375
9,11,4,57,34,900,2,200521,49526.125,156212.25
9,11,4,58,1,900,2,200521,49349.625,156301.375
9,11,4,58,28,900,2,200521,49291.125,156346.296875
9,11,4,58,55,900,2,200521,48984.625,156217.203125
9,11,4,59,22,900,2,200521,48725.25,156233.890625
9,11,4,59,49,900,2,200521,48005.625,156261.640625
9,11,5,0,16,900,2,200521,47892.0,156266.765625
9,11,5,0,44,900,2,200521,47539.875,156021.46875
9,11,5,1,13,900,2,200521,47126.875,155776.640625
9,11,5,1,41,900,2,200521,46713.5,155532.1875
9,11,5,2,8,900,2,200521,46644.875,155491.5625
9,11,5,2,37,900,2,200521,46541.625,155430.453125
9,11,5,3,5,900,2,200521,46145.75,155195.890625
9,11,5,3,33,900,2,200521,45874.0,155035.171875
9,11,5,4,2,900,2,200521,45555.5,154846.921875
9,11,5,4,31,900,2,200521,45297.375,154693.59375
9,11,5,5,0,900,2,200521,45263.0,154673.46875
9,11,5,5,29,900,2,200521,44884.25,154449.1875
9,11,5,5,58,900,2,200521,44545.375,154248.5625
9,11,5,6,28,900,2,200521,44545.375,154248.5625
9,11,5,6,59,900,2,200521,44424.75,154177.21875
9,11,5,7,29,900,2,200521,44299.75,154372.296875
9,11,5,8,0,900,2,200521,44055.25,154785.328125
9,11,5,8,31,900,2,200521,43841.5,155147.046875
9,11,5,9,3,900,2,200521,43828.5,155168.453125
9,11,5,9,33,900,2,200521,43828.5,155168.453125
9,11,5,10,5,900,2,200521,43828.5,155168.453125
9,11,5,11,10,900,2,200521,43828.5,155168.453125
9,11,5,11,42,900,2,200521,43828.5,155168.453125
9,11,5,12,15,900,2,200521,43828.5,155168.453125
9,11,5,14,32,900,2,200005,43827.625,155170.296875
9,11,5,15,8,900,2,200005,43817.75,155186.546875
9,11,5,15,40,900,2,200005,43522.625,155685.578125
9,11,5,16,53,900,2,200005,43056.75,156173.359375
9,11,5,17,26,900,2,200005,42272.625,156886.671875
9,11,5,18,14,900,2,200005,41902.875,157223.015625
9,11,5,18,38,900,2,200005,41148.125,157909.53125
9,11,5,19,16,900,2,200005,40704.5,158313.390625
9,11,5,19,54,900,2,200005,40527.75,158158.90625
9,11,5,20,33,900,2,200005,40096.25,157995.21875
9,11,5,21,12,900,2,200005,39666.875,158384.96875
9,11,5,21,51,900,2,200005,39537.5,158519.59375
9,11,5,22,32,900,2,200005,39563.75,159559.21875
9,11,5,23,12,900,2,200005,39572.5,159899.078125
9,11,5,23,54,900,2,200005,39592.375,160679.078125
9,11,5,24,36,900,2,200005,39596.625,160858.859375
9,11,5,25,19,900,2,200005,39282.875,161204.0
9,11,5,26,3,900,2,200005,39332.625,162662.734375
9,11,5,26,47,900,2,200005,39321.75,163491.125
9,11,5,27,32,900,2,200005,38605.875,163506.78125
9,11,5,28,18,900,2,200005,37272.5,163620.46875
9,11,5,29,4,900,2,200005,37332.0,165659.453125
9,11,5,29,52,900,2,200005,37368.25,166898.828125
9,11,5,30,39,900,2,200005,37174.625,167473.65625
9,11,5,33,2,900,2,200005,37055.5,167475.65625
9,11,5,34,40,900,2,200005,37055.5,167475.65625
9,11,5,35,29,900,2,200005,37055.5,167475.65625
9,11,5,38,3,900,2,200005,37055.5,167475.65625
9,11,5,38,55,900,2,200005,37055.5,167475.65625
9,11,5,39,47,900,2,200005,37055.5,167475.65625
9,11,5,40,40,900,2,201011,37055.25,167474.5625
9,11,5,41,34,900,2,201011,37055.25,167474.5625
9,11,5,42,29,900,2,201011,37023.25,166396.015625
9,11,5,43,24,900,2,201011,37336.125,165800.203125
9,11,5,44,21,900,2,201011,37274.125,163681.0
9,11,5,45,18,900,2,201011,38505.25,163509.140625
9,11,5,46,17,900,2,201011,39205.125,163493.4375
9,11,5,47,17,900,2,201011,39350.375,163243.203125
9,11,5,48,16,900,2,201011,39306.125,162128.046875
9,11,5,49,16,900,2,201011,39291.5,161528.53125
9,11,5,50,17,900,2,201011,39273.5,160808.703125
9,11,5,51,19,900,2,201011,39259.75,160264.640625
9,11,5,52,20,900,2,201011,39234.25,159245.0625
9,11,5,53,24,900,2,201011,39215.875,158505.171875
9,11,5,54,27,900,2,201011,39845.5,158223.09375
9,11,5,55,28,900,2,201011,40609.125,158248.515625
9,11,5,56,27,900,2,201011,41282.375,157787.59375
9,11,5,57,27,900,2,201011,41607.875,157491.5
9,11,5,58,28,900,2,201011,42214.25,156939.984375
9,11,5,59,28,900,2,201011,42480.625,156697.625
9,11,6,0,31,900,2,201011,43202.75,156040.984375
9,11,6,1,35,900,2,201011,43653.5,155464.484375
9,11,6,2,42,900,2,201011,43918.375,155016.75
9,11,6,3,47,900,2,201524,44305.25,154362.703125
9,11,6,4,53,900,2,201524,44585.25,153916.515625
9,11,6,6,1,900,2,201524,44860.5,154079.703125
9,11,6,7,9,900,2,201524,45256.375,154313.875
9,11,6,8,14,900,2,201524,45678.625,154571.25
9,11,6,9,24,900,2,201524,45941.375,155075.09375
9,11,6,10,34,900,2,201524,46320.0,155299.046875
9,11,6,11,44,900,2,201524,46922.25,155655.84375
9,11,6,12,54,900,2,201524,47524.625,156012.28125
9,11,6,14,4,900,2,201524,48493.75,156241.265625
9,11,6,15,18,900,2,201524,49168.625,156213.65625
9,11,6,16,28,900,2,201524,49528.5,156212.5625
9,11,6,17,42,900,2,201524,51428.125,156172.4375
9,11,6,18,55,900,2,201524,54047.875,156135.9375
9,11,6,20,24,900,2,201524,55806.875,156083.96875
9,11,6,21,21,900,2,201524,56191.25,158074.15625
9,11,6,22,38,900,2,201524,57325.875,156563.140625
9,11,6,23,57,900,2,201524,57608.125,155748.625
9,11,6,25,13,900,2,201524,57608.125,155748.625
9,11,6,26,30,900,2,201524,57608.125,155748.625
9,11,6,27,51,900,2,201524,57608.125,155748.625
9,11,6,29,9,900,2,201524,57608.125,155748.625
9,11,6,30,32,900,2,201524,57608.125,155748.625
9,11,6,31,56,900,2,201524,57608.125,155748.625
9,11,6,33,21,900,2,200521,57607.25,155747.546875
9,11,6,34,44,900,2,200521,57607.25,155747.546875
9,11,6,36,9,900,2,200521,57060.625,157107.359375
9,11,6,37,34,900,2,200521,56105.75,158076.140625
9,11,6,39,0,900,2,200521,55811.25,156177.28125
9,11,6,40,26,900,2,200521,55221.625,156106.359375
9,11,6,41,53,900,2,200521,54062.125,156135.671875
9,11,6,43,23,900,2,200521,52502.375,156166.125
9,11,6,44,54,900,2,200521,50625.625,156188.921875
9,11,6,47,54,900,2,200521,48065.5,156259.03125
9,11,6,49,29,900,2,200521,47618.25,156067.75
9,11,6,51,3,900,2,200521,46654.125,155497.234375
9,11,6,52,35,900,2,200521,46132.0,155187.765625
9,11,6,54,8,900,2,200521,45294.875,154692.1875
9,11,6,55,42,900,2,200521,44643.375,154306.484375
9,11,6,57,14,900,2,200521,44327.25,154325.796875
9,11,6,58,49,900,2,200521,43970.625,154928.171875
9,11,7,0,27,900,2,200005,43535.75,155663.421875
9,11,7,3,40,900,2,200005,41567.0,157528.796875
9,11,7,3,41,900,2,200005,41567.0,157528.796875
9,11,7,5,17,900,2,200005,41064.125,157986.34375
9,11,7,6,51,900,2,200005,40343.375,157956.40625
9,11,7,8,28,900,2,200005,39539.875,158613.671875
9,11,7,10,7,900,2,200005,39579.0,160153.25
9,11,7,11,46,900,2,200005,39568.25,160982.0
9,11,7,13,25,900,2,200005,39286.5,161337.828125
9,11,7,15,3,900,2,200005,39338.25,162846.859375
9,11,7,16,42,900,2,200005,37732.0,163526.3125
9,11,7,18,20,900,2,200005,37320.25,165253.625
9,11,7,20,1,900,2,200005,37359.875,166612.953125
9,11,7,21,40,900,2,200005,37055.5,167475.65625
9,11,7,21,40,900,2,200005,37055.5,167475.65625
9,11,7,23,20,900,2,200005,37055.5,167475.65625
9,11,7,25,2,900,2,200005,37055.5,167475.65625
9,11,7,26,43,900,2,200005,37055.5,167475.65625
9,11,7,28,22,900,2,200005,37055.5,167475.65625
9,11,7,30,0,900,2,200005,37055.5,167475.65625
9,11,7,31,40,900,2,200005,37055.5,167475.65625
9,11,7,34,54,900,2,200005,37055.5,167475.65625
9,11,7,36,31,900,2,201012,37055.25,167474.5625
9,11,7,38,7,900,2,201012,37073.375,166191.4375
9,11,7,39,46,900,2,201012,37312.375,164980.515625
9,11,7,41,25,900,2,201012,37805.5,163524.484375
9,11,7,43,1,900,2,201012,39205.125,163493.4375
9,11,7,44,38,900,2,201012,39341.25,162943.125
9,11,7,46,17,900,2,201012,39305.0,162088.296875
9,11,7,47,54,900,2,201012,39267.5,160564.75
9,11,7,49,31,900,2,201012,39260.25,160284.6875
9,11,7,51,7,900,2,201012,39216.625,158545.28125
9,11,7,52,45,900,2,201012,39815.875,158249.953125
9,11,7,54,26,900,2,201012,41149.125,157908.78125
9,11,7,56,9,900,2,201012,41548.5,157545.578125
9,11,7,57,44,900,2,201012,42820.875,156388.125
9,11,7,59,23,900,2,201012,43625.125,155512.46875
9,11,8,1,0,900,2,201012,44224.0,154500.375
9,11,8,2,43,900,2,201012,44621.25,153829.34375
9,11,8,4,28,900,2,201012,44947.375,153278.65625
9,11,8,5,59,900,2,201012,45397.375,152517.96875
9,11,8,7,45,900,2,201012,45626.375,152135.546875
9,11,8,9,22,900,2,201012,45687.25,151395.9375
9,11,8,11,0,900,2,201012,45902.125,151279.015625
