date,month,hour,minute,second,index,unknown1,unknown2,x,y
14,11,18,21,46,900,4,401005,40838.375,165629.390625
14,11,18,21,46,900,4,401005,40838.375,165629.390625
14,11,18,23,36,900,4,401005,41637.625,164694.625
14,11,18,25,21,900,4,401005,41988.125,163843.125
14,11,18,27,3,900,4,401005,41879.75,162007.21875
14,11,18,27,5,900,4,401005,41879.125,161987.15625
14,11,18,27,5,900,4,401005,41879.125,161987.15625
14,11,18,28,52,900,4,401005,41529.25,160877.640625
14,11,18,30,39,900,4,401005,41500.625,159738.09375
14,11,18,32,24,900,4,401005,41358.5,157718.234375
14,11,18,34,3,900,4,401005,43473.875,155768.25
14,11,18,35,46,900,4,401511,44278.25,154408.46875
14,11,18,35,46,900,4,401511,44278.25,154408.46875
14,11,18,37,23,900,4,401511,44889.5,153375.734375
14,11,18,53,15,900,4,401511,45163.0,152913.640625
14,11,18,54,44,900,4,401511,45583.125,152728.875
14,11,18,57,35,900,4,401511,47125.0,153391.75
14,11,18,58,53,900,4,401511,47488.875,153501.453125
14,11,19,0,2,900,4,401511,47730.0,153644.1875
14,11,19,1,8,900,4,401511,47974.625,153779.921875
14,11,19,2,12,900,4,401511,48410.0,153787.921875
14,11,19,3,53,900,4,401511,49709.75,153756.671875
14,11,19,3,53,900,4,401511,49709.75,153756.671875
14,11,19,5,3,900,4,401511,50429.375,153738.453125
14,11,19,6,8,900,4,401511,51409.125,153714.921875
14,11,19,7,14,900,4,401511,52169.0,153699.65625
14,11,19,8,20,900,4,401511,52423.375,153409.5
14,11,19,9,27,900,4,401511,52496.875,152273.828125
14,11,19,10,35,900,4,401511,52539.25,151905.640625
14,11,19,11,37,900,4,401511,52504.375,149965.765625
14,11,19,13,50,900,4,401511,53417.75,148530.234375
14,11,19,14,46,900,4,401511,53497.5,147608.984375
14,11,19,15,51,900,4,401511,53427.5,145550.84375
14,11,19,16,50,900,4,401511,52916.75,145470.828125
14,11,19,18,4,900,4,401511,52885.875,145471.40625
14,11,19,18,7,900,4,401511,52885.875,145471.40625
14,11,19,18,54,900,4,401511,52885.875,145471.40625
14,11,19,19,56,900,4,401511,52885.875,145471.40625
14,11,19,20,53,900,4,401511,52885.875,145471.40625
14,11,19,21,53,900,4,401511,52885.875,145471.40625
14,11,19,22,49,900,4,401511,52885.875,145471.40625
14,11,19,23,47,900,4,401511,52885.875,145471.40625
14,11,19,24,43,900,4,401511,52885.875,145471.40625
14,11,19,25,45,900,4,401511,52885.875,145471.40625
14,11,19,26,39,900,4,400513,52883.875,145471.453125
14,11,19,27,35,900,4,400513,52883.875,145471.453125
14,11,19,28,32,900,4,400513,52883.875,145471.453125
14,11,19,29,27,900,4,400513,52360.5,145607.671875
14,11,19,30,21,900,4,400513,52341.125,146155.65625
14,11,19,31,17,900,4,400513,53180.625,146134.890625
14,11,19,32,10,900,4,400513,53446.125,146348.734375
14,11,19,33,7,900,4,400513,53519.875,147724.9375
14,11,19,34,0,900,4,400513,53439.75,148529.453125
14,11,19,34,53,900,4,400513,53272.5,149314.84375
14,11,19,35,46,900,4,400513,52805.0,149823.203125
14,11,19,36,41,900,4,400513,52515.125,150605.46875
14,11,19,37,32,900,4,400513,52526.5,151265.59375
14,11,19,38,21,900,4,400513,52496.75,152253.765625
14,11,19,39,12,900,4,400513,52436.25,153312.203125
14,11,19,40,5,900,4,400513,51829.25,153706.890625
14,11,19,40,55,900,4,400513,51549.25,153712.96875
14,11,19,41,45,900,4,400513,49849.75,153753.234375
14,11,19,42,32,900,4,400513,49310.0,153766.921875
14,11,19,43,21,900,4,400513,48650.0,153782.5625
14,11,19,44,10,900,4,400513,47974.875,153779.90625
14,11,19,45,0,900,4,400513,47835.0,153702.34375
14,11,19,45,47,900,4,400513,47540.5,153532.203125
14,11,19,46,35,900,4,400513,47540.5,153532.203125
14,11,19,47,21,900,4,400513,47063.875,153494.734375
14,11,19,48,13,900,4,400513,47063.875,153494.734375
14,11,19,49,3,900,4,400513,46839.125,153472.453125
14,11,19,49,46,900,4,400513,46736.125,153411.34375
14,11,19,50,32,900,4,400513,46082.375,153024.171875
14,11,19,51,18,900,4,400513,45720.875,152810.109375
14,11,19,52,4,900,4,400513,45428.375,152637.03125
14,11,19,52,50,900,4,400513,45428.375,152637.03125
14,11,19,53,35,900,4,400513,45428.375,152637.03125
14,11,19,54,21,900,4,400513,45234.5,152792.9375
14,11,19,55,7,900,4,400513,45193.875,152861.953125
14,11,20,20,55,900,4,400009,39330.0,166215.203125
14,11,20,20,55,900,4,400009,39330.0,166215.203125
14,11,20,21,37,900,4,400009,39347.125,166915.0
14,11,20,22,19,900,4,400009,39261.625,167477.4375
14,11,20,23,0,900,4,400009,38697.375,167450.6875
14,11,20,23,42,900,4,400009,38678.5,166571.0625
14,11,20,24,23,900,4,400009,38817.75,166157.140625
14,11,20,25,4,900,4,400009,39325.5,166037.984375
14,11,20,25,46,900,4,400009,39308.75,165438.15625
14,11,20,26,26,900,4,400009,39288.75,164718.359375
14,11,20,27,6,900,4,400009,39498.0,164372.734375
14,11,20,27,46,900,4,400009,40210.625,164398.78125
14,11,20,28,27,900,4,400009,40194.75,163819.0
14,11,20,29,7,900,4,400009,40718.375,163460.96875
14,11,20,29,46,900,4,400009,40784.5,163459.3125
14,11,20,30,27,900,4,400009,40784.5,163459.3125
14,11,20,31,6,900,4,400009,40784.5,163459.3125
14,11,20,31,47,900,4,400009,40784.5,163459.3125
14,11,20,32,29,900,4,400009,40784.5,163459.3125
14,11,20,33,10,900,4,401005,40785.25,163460.390625
14,11,20,33,50,900,4,401005,40785.25,163460.390625
14,11,20,34,28,900,4,401005,40785.25,163460.390625
14,11,20,35,8,900,4,401005,40785.25,163460.390625
14,11,20,35,50,900,4,401005,40763.75,163770.1875
14,11,20,36,29,900,4,401005,40197.375,163912.34375
14,11,20,37,10,900,4,401005,39781.125,164412.015625
14,11,20,37,48,900,4,401005,39344.375,164375.78125
14,11,20,38,29,900,4,401005,39302.875,165231.40625
14,11,20,39,7,900,4,401005,39313.375,165611.359375
14,11,20,39,48,900,4,401005,39323.125,165704.203125
14,11,20,40,27,900,4,401005,40658.375,165633.296875
14,11,20,41,7,900,4,401005,41737.25,165569.734375
14,11,20,41,47,900,4,401005,41578.75,164470.671875
14,11,20,42,26,900,4,401005,41982.0,163623.25
14,11,20,43,5,900,4,401005,41893.375,163027.03125
14,11,20,43,44,900,4,401005,41878.75,161967.46875
14,11,20,45,2,900,4,401005,41533.375,161037.71875
14,11,20,45,41,900,4,401005,41504.5,159897.8125
14,11,20,46,21,900,4,401005,41500.0,159718.03125
14,11,20,46,59,900,4,401005,41492.625,159417.921875
14,11,20,47,38,900,4,401005,41489.125,159278.25
14,11,20,48,15,900,4,401005,41474.75,158638.25
14,11,20,48,54,900,4,401005,41468.5,158458.515625
14,11,20,49,31,900,4,401005,41465.5,158338.53125
14,11,20,50,9,900,4,401005,41147.625,157920.859375
14,11,20,50,47,900,4,401005,41388.375,157691.375
14,11,20,51,24,900,4,401005,41743.125,157368.453125
14,11,20,52,3,900,4,401005,42231.5,156924.328125
14,11,20,52,42,900,4,401005,42246.25,156910.90625
14,11,20,53,20,900,4,401005,42305.375,156856.84375
14,11,20,53,56,900,4,401005,42764.25,156439.953125
14,11,20,54,37,900,4,401005,43089.5,156143.90625
14,11,20,55,15,900,4,401005,43178.5,156062.984375
14,11,20,55,52,900,4,401005,43606.25,155544.203125
14,11,20,56,31,900,4,401005,44044.75,154803.40625
14,11,20,56,31,900,4,401005,44044.75,154803.40625
14,11,20,57,9,900,4,401005,44044.75,154803.40625
14,11,20,57,45,900,4,401005,44044.75,154803.40625
14,11,20,58,22,900,4,401511,44096.0,154716.671875
14,11,20,58,59,900,4,401511,44411.75,154182.953125
14,11,20,59,36,900,4,401511,44432.375,154148.625
14,11,21,0,11,900,4,401511,44524.0,153993.59375
14,11,21,0,49,900,4,401511,44717.5,153666.578125
14,11,21,2,3,900,4,401511,44870.375,153408.578125
14,11,21,2,39,900,4,401511,45165.625,152909.203125
14,11,21,3,15,900,4,401511,45186.25,152874.875
14,11,21,4,29,900,4,401511,45173.25,152896.28125
14,11,21,5,4,900,4,401511,45244.75,152775.953125
14,11,21,5,45,900,4,401511,45497.0,152677.65625
14,11,21,6,16,900,4,401511,45772.25,152840.84375
14,11,21,6,54,900,4,401511,45892.875,152911.828125
14,11,21,7,31,900,4,401511,46047.625,153003.6875
14,11,21,8,6,900,4,401511,46908.0,153513.078125
14,11,21,8,7,900,4,401511,46908.0,153513.078125
14,11,21,8,44,900,4,401511,46908.0,153513.078125
14,11,21,9,19,900,4,401511,46908.0,153513.078125
14,11,21,9,54,900,4,401511,47043.625,153529.421875
14,11,21,10,30,900,4,401511,47165.625,153322.75
14,11,21,11,5,900,4,401511,47557.5,153542.078125
14,11,21,11,41,900,4,401511,47747.5,153653.703125
14,11,21,12,16,900,4,401511,48010.0,153797.46875
14,11,21,12,51,900,4,401511,48010.0,153797.46875
14,11,21,13,28,900,4,401511,48150.125,153794.03125
14,11,21,14,4,900,4,401511,48329.875,153789.828125
14,11,21,14,38,900,4,401511,49069.75,153773.0
14,11,21,15,14,900,4,401511,49389.625,153765.015625
14,11,21,15,50,900,4,401511,50389.375,153739.59375
14,11,21,16,25,900,4,401511,50909.25,153726.328125
14,11,21,17,1,900,4,401511,51515.25,153713.25
14,11,21,17,35,900,4,401511,52435.125,153628.90625
14,11,21,18,10,900,4,401511,52428.625,153509.359375
14,11,21,18,47,900,4,401511,52508.25,152853.703125
14,11,21,19,22,900,4,401511,52496.375,152233.703125
14,11,21,19,57,900,4,401511,52538.875,151885.578125
14,11,21,20,33,900,4,401511,52526.875,151285.65625
14,11,21,21,7,900,4,401511,52519.125,150825.75
14,11,21,21,44,900,4,401511,52664.875,149825.890625
14,11,21,22,20,900,4,401511,52758.125,149621.625
14,11,21,22,53,900,4,401511,52729.375,148722.5
14,11,21,23,27,900,4,401511,53258.0,148535.84375
14,11,21,24,2,900,4,401511,53610.25,148514.90625
14,11,21,24,37,900,4,401511,53620.0,148235.25
14,11,21,25,11,900,4,401511,53483.25,147249.53125
14,11,21,25,45,900,4,401511,53447.25,146410.375
14,11,21,26,19,900,4,401511,53236.75,145464.0
14,11,21,26,54,900,4,401511,52936.625,145470.078125
14,11,21,27,29,900,4,401511,52885.875,145471.40625
14,11,21,27,30,900,4,401511,52885.875,145471.40625
14,11,21,28,4,900,4,401511,52885.875,145471.40625
14,11,21,28,38,900,4,401511,52885.875,145471.40625
14,11,21,29,13,900,4,401511,52885.875,145471.40625
14,11,21,29,49,900,4,401511,52885.875,145471.40625
14,11,21,30,24,900,4,401511,52885.875,145471.40625
14,11,21,30,59,900,4,401511,52885.875,145471.40625
14,11,21,31,34,900,4,401511,52885.875,145471.40625
14,11,21,32,7,900,4,401511,52885.875,145471.40625
14,11,21,32,44,900,4,401511,52885.875,145471.40625
14,11,21,33,18,900,4,401511,52885.875,145471.40625
14,11,21,33,54,900,4,401511,52885.875,145471.40625
14,11,21,34,27,900,4,401511,52885.875,145471.40625
14,11,21,35,2,900,4,401511,52885.875,145471.40625
14,11,21,35,37,900,4,401511,52885.875,145471.40625
14,11,21,36,11,900,4,401511,52885.875,145471.40625
14,11,21,36,46,900,4,401511,52885.875,145471.40625
14,11,21,37,21,900,4,401511,52885.875,145471.40625
14,11,21,37,56,900,4,401511,52885.875,145471.40625
14,11,21,38,30,900,4,401511,52885.875,145471.40625
14,11,21,39,4,900,4,401511,52885.875,145471.40625
14,11,21,39,38,900,4,401511,52885.875,145471.40625
14,11,21,40,12,900,4,401511,52885.875,145471.40625
14,11,21,40,46,900,4,401511,52885.875,145471.40625
14,11,21,41,25,900,4,401511,52885.875,145471.40625
14,11,21,41,55,900,4,401511,52885.875,145471.40625
14,11,21,42,30,900,4,401511,52885.875,145471.40625
14,11,21,43,4,900,4,401511,52885.875,145471.40625
14,11,21,43,38,900,4,401511,52885.875,145471.40625
14,11,21,44,11,900,4,401511,52885.875,145471.40625
14,11,21,44,44,900,4,401511,52885.875,145471.40625
14,11,21,45,18,900,4,401511,52885.875,145471.40625
14,11,21,45,52,900,4,401511,52885.875,145471.40625
14,11,21,46,26,900,4,401511,52885.875,145471.40625
14,11,21,46,57,900,4,401511,52885.875,145471.40625
14,11,21,47,31,900,4,401511,52885.875,145471.40625
14,11,21,48,3,900,4,401511,52885.875,145471.40625
14,11,21,48,35,900,4,401511,52885.875,145471.40625
14,11,21,49,9,900,4,401511,52885.875,145471.40625
14,11,21,49,42,900,4,401511,52885.875,145471.40625
14,11,21,50,14,900,4,401511,52885.875,145471.40625
14,11,21,50,48,900,4,401511,52885.875,145471.40625
14,11,21,51,21,900,4,401511,52885.875,145471.40625
14,11,21,51,54,900,4,401511,52885.875,145471.40625
14,11,21,52,29,900,4,401511,52885.875,145471.40625
14,11,21,53,2,900,4,401511,52885.875,145471.40625
14,11,21,53,35,900,4,401511,52885.875,145471.40625
14,11,21,54,8,900,4,401511,52885.875,145471.40625
14,11,21,54,42,900,4,401511,52885.875,145471.40625
14,11,21,55,14,900,4,401511,52885.875,145471.40625
14,11,21,55,48,900,4,401511,52885.875,145471.40625
14,11,21,56,22,900,4,401511,52885.875,145471.40625
14,11,21,56,56,900,4,401511,52885.875,145471.40625
14,11,21,57,30,900,4,400513,52883.875,145471.453125
14,11,21,58,4,900,4,400513,52883.875,145471.453125
14,11,21,58,39,900,4,400513,52883.875,145471.453125
14,11,21,59,18,900,4,400513,52883.875,145471.453125
14,11,21,59,47,900,4,400513,52844.875,145472.546875
14,11,22,0,20,900,4,400513,52360.5,145607.671875
14,11,22,0,54,900,4,400513,52314.5,145696.46875
14,11,22,1,28,900,4,400513,52381.0,146154.515625
14,11,22,2,2,900,4,400513,53120.625,146136.40625
14,11,22,2,36,900,4,400513,53450.375,146468.6875
14,11,22,3,10,900,4,400513,53489.5,147487.640625
14,11,22,3,45,900,4,400513,53499.375,148527.234375
14,11,22,4,18,900,4,400513,53262.25,148734.953125
14,11,22,4,52,900,4,400513,53275.0,149454.890625
14,11,22,5,28,900,4,400513,52984.75,149817.234375
14,11,22,6,2,900,4,400513,52505.25,150025.578125
14,11,22,6,36,900,4,400513,52524.5,151145.609375
14,11,22,7,10,900,4,400513,52540.75,151985.5
14,11,22,7,47,900,4,400513,52505.375,152733.71875
14,11,22,8,20,900,4,400513,52329.125,153699.15625
14,11,22,8,54,900,4,400513,52149.125,153700.03125
14,11,22,9,28,900,4,400513,51409.125,153714.921875
14,11,22,10,1,900,4,400513,50149.75,153745.65625
14,11,22,10,36,900,4,400513,49290.0,153767.296875
14,11,22,11,10,900,4,400513,48810.125,153779.109375
14,11,22,11,45,900,4,400513,48370.125,153789.0625
14,11,22,12,19,900,4,400513,47904.875,153741.125
14,11,22,12,53,900,4,400513,47835.0,153702.34375
14,11,22,13,27,900,4,400513,47678.375,153613.8125
14,11,22,14,0,900,4,400513,47540.5,153532.203125
14,11,22,14,34,900,4,400513,47540.5,153532.203125
14,11,22,15,8,900,4,400513,47074.125,153477.390625
14,11,22,15,44,900,4,400513,47043.5,153529.046875
14,11,22,16,17,900,4,400513,46856.375,153482.703125
14,11,22,16,50,900,4,400513,46425.125,153230.21875
14,11,22,17,24,900,4,400513,45996.25,152973.3125
14,11,22,17,59,900,4,400513,45720.875,152810.109375
14,11,22,18,33,900,4,400513,45445.5,152647.28125
14,11,22,19,7,900,4,400513,45359.125,152596.421875
14,11,22,19,40,900,4,400513,45234.5,152792.9375
14,11,22,20,14,900,4,400513,45224.375,152810.28125
14,11,22,20,49,900,4,400513,45122.375,152982.28125
14,11,22,21,22,900,4,400513,44878.0,153395.65625
14,11,22,21,56,900,4,400513,44766.5,153583.90625
14,11,22,22,30,900,4,400513,44450.75,154117.609375
14,11,22,23,4,900,4,400513,44257.0,154444.640625
14,11,22,23,37,900,4,400513,44073.875,154754.3125
14,11,22,24,11,900,4,400513,43828.375,155169.1875
14,11,22,24,45,900,4,400513,43828.375,155169.1875
14,11,22,25,19,900,4,400513,43828.375,155169.1875
14,11,22,25,51,900,4,400513,43828.375,155169.1875
14,11,22,26,23,900,4,400513,43828.375,155169.1875
14,11,22,26,57,900,4,400513,43828.375,155169.1875
14,11,22,27,31,900,4,400513,43828.375,155169.1875
14,11,22,28,4,900,4,400009,43827.625,155170.296875
14,11,22,28,36,900,4,400009,43827.625,155170.296875
14,11,22,29,10,900,4,400009,43827.625,155170.296875
14,11,22,29,45,900,4,400009,43827.625,155170.296875
14,11,22,30,17,900,4,400009,43766.875,155272.546875
14,11,22,30,50,900,4,400009,43705.75,155375.890625
14,11,22,31,24,900,4,400009,43412.125,155850.453125
14,11,22,31,57,900,4,400009,42938.5,156281.125
14,11,22,32,30,900,4,400009,42938.5,156281.125
14,11,22,33,2,900,4,400009,42553.875,156631.234375
14,11,22,33,37,900,4,400009,42139.375,157007.859375
14,11,22,34,10,900,4,400009,41562.625,157532.890625
14,11,22,34,42,900,4,400009,41217.75,157997.921875
14,11,22,35,15,900,4,400009,41419.75,158219.765625
14,11,22,35,47,900,4,400009,41433.25,158234.46875
14,11,22,36,19,900,4,400009,41477.125,158782.671875
14,11,22,36,52,900,4,400009,41482.125,158982.515625
14,11,22,37,24,900,4,400009,41489.25,159282.265625
14,11,22,37,58,900,4,400009,41515.0,160302.203125
14,11,22,38,33,900,4,400009,41517.375,160402.125
14,11,22,39,5,900,4,400009,41526.125,160741.984375
14,11,22,39,36,900,4,400009,41537.625,161201.8125
14,11,22,40,8,900,4,400009,41675.0,161242.15625
14,11,22,40,42,900,4,400009,41870.75,161651.671875
14,11,22,41,15,900,4,400009,41891.125,162451.359375
14,11,22,41,49,900,4,400009,41893.375,163091.234375
14,11,22,42,22,900,4,400009,41984.5,164026.71875
14,11,22,42,55,900,4,400009,41583.25,164415.125
14,11,22,43,28,900,4,400009,41732.75,165393.96875
14,11,22,44,0,900,4,400009,41374.0,165617.734375
14,11,22,44,33,900,4,400009,40174.375,165643.59375
14,11,22,46,8,900,4,400009,39327.125,166095.234375
14,11,22,46,40,900,4,400009,39344.25,166795.015625
14,11,22,47,11,900,4,400009,39341.625,167475.859375
14,11,22,47,44,900,4,400009,38761.75,167486.25
14,11,22,48,16,900,4,400009,38687.5,166990.8125
14,11,22,48,49,900,4,400009,38671.125,166251.25
14,11,22,49,21,900,4,400009,38797.5,166157.53125
14,11,22,49,53,900,4,400009,39327.25,166097.78125
14,11,22,50,26,900,4,400009,39317.125,165737.890625
14,11,22,50,58,900,4,400009,39295.875,164978.359375
14,11,22,51,32,900,4,400009,39377.875,164375.109375
14,11,22,52,5,900,4,400009,39954.375,164408.21875
14,11,22,52,41,900,4,400009,40200.875,164039.234375
14,11,22,53,11,900,4,400009,40278.625,163470.75
14,11,22,53,44,900,4,400009,40784.5,163459.3125
14,11,22,54,18,900,4,400009,40784.5,163459.3125
14,11,22,54,52,900,4,400009,40784.5,163459.3125
14,11,22,55,26,900,4,400009,40784.5,163459.3125
14,11,22,55,58,900,4,400009,40784.5,163459.3125
14,11,22,56,30,900,4,400009,40784.5,163459.3125
14,11,22,57,2,900,4,400009,40784.5,163459.3125
14,11,22,57,34,900,4,400009,40784.5,163459.3125
14,11,22,58,7,900,4,400009,40784.5,163459.3125
14,11,22,58,40,900,4,400009,40784.5,163459.3125
14,11,22,59,13,900,4,400009,40784.5,163459.3125
14,11,22,59,44,900,4,400009,40784.5,163459.3125
14,11,23,0,17,900,4,400009,40784.5,163459.3125
14,11,23,0,50,900,4,400009,40784.5,163459.3125
14,11,23,1,24,900,4,400009,40784.5,163459.3125
14,11,23,1,58,900,4,400009,40784.5,163459.3125
14,11,23,2,31,900,4,400009,40784.5,163459.3125
14,11,23,3,2,900,4,400009,40784.5,163459.3125
14,11,23,3,34,900,4,400009,40784.5,163459.3125
14,11,23,4,7,900,4,401005,40785.25,163460.390625
14,11,23,4,38,900,4,401005,40785.25,163460.390625
14,11,23,5,10,900,4,401005,40785.25,163460.390625
14,11,23,5,42,900,4,401005,40785.25,163460.390625
14,11,23,6,49,900,4,401005,40583.75,163774.109375
14,11,23,7,21,900,4,401005,40197.375,163912.34375
14,11,23,7,58,900,4,401005,40021.0,164406.53125
14,11,23,8,26,900,4,401005,39444.5,164373.796875
14,11,23,8,58,900,4,401005,39287.375,164671.6875
14,11,23,9,30,900,4,401005,39312.0,165551.5625
14,11,23,10,2,900,4,401005,39315.375,165671.53125
14,11,23,10,34,900,4,401005,40038.5,165646.640625
14,11,23,11,6,900,4,401005,41198.25,165621.5625
14,11,23,11,38,900,4,401005,41731.625,165349.84375
14,11,23,12,11,900,4,401005,41578.75,164470.671875
14,11,23,12,44,900,4,401005,41982.625,163643.3125
14,11,23,13,15,900,4,401005,41892.75,162707.078125
14,11,23,13,47,900,4,401005,41873.75,161767.265625
14,11,23,14,20,900,4,401005,41860.875,161247.625
14,11,23,14,52,900,4,401005,41610.625,161243.796875
14,11,23,15,24,900,4,401005,41535.375,161117.578125
14,11,23,15,55,900,4,401005,41527.75,160817.46875
14,11,23,16,27,900,4,401005,41505.5,159937.921875
14,11,23,16,58,900,4,401005,41504.125,159878.125
14,11,23,17,29,900,4,401005,41496.5,159578.0
14,11,23,18,1,900,4,401005,41496.5,159578.0
14,11,23,18,33,900,4,401005,41492.625,159417.921875
14,11,23,20,7,900,4,401005,41268.625,158053.828125
14,11,23,20,40,900,4,401005,41417.875,157664.53125
14,11,23,21,11,900,4,401005,42172.375,156978.03125
14,11,23,21,43,900,4,401005,42438.75,156736.015625
14,11,23,22,12,900,4,401005,42527.375,156655.109375
14,11,23,22,44,900,4,401005,43134.125,156103.265625
14,11,23,23,14,900,4,401005,43296.75,155955.234375
14,11,23,23,46,900,4,401005,43626.5,155509.875
14,11,23,24,18,900,4,401005,43626.5,155509.875
14,11,23,24,49,900,4,401005,43697.875,155389.546875
14,11,23,25,20,900,4,401005,43952.5,154959.171875
14,11,23,25,50,900,4,401005,44044.75,154803.40625
14,11,23,26,20,900,4,401005,44044.75,154803.40625
14,11,23,26,51,900,4,401005,44044.75,154803.40625
14,11,23,27,22,900,4,401005,44044.75,154803.40625
14,11,23,27,53,900,4,401005,44044.75,154803.40625
14,11,23,28,23,900,4,401511,44045.625,154801.5625
14,11,23,28,52,900,4,401511,44045.625,154801.5625
14,11,23,29,24,900,4,401511,44045.625,154801.5625
14,11,23,29,53,900,4,401511,44045.625,154801.5625
14,11,23,30,25,900,4,401511,44198.0,154544.296875
14,11,23,30,55,900,4,401511,44401.75,154200.296875
14,11,23,31,27,900,4,401511,44452.625,154114.296875
14,11,23,31,56,900,4,401511,44758.125,153597.921875
14,11,23,32,25,900,4,401511,44901.0,153356.90625
14,11,23,32,56,900,4,401511,45153.0,152930.96875
14,11,23,33,25,900,4,401511,45428.125,152637.03125
14,11,23,33,56,900,4,401511,45479.75,152667.765625
14,11,23,34,26,900,4,401511,45479.75,152667.765625
14,11,23,34,55,900,4,401511,45479.75,152667.765625
14,11,23,35,26,900,4,401511,45479.75,152667.765625
14,11,23,35,57,900,4,401511,45479.75,152667.765625
14,11,23,36,26,900,4,401511,45669.0,152779.734375
14,11,23,36,56,900,4,401511,45948.75,152945.046875
14,11,23,37,27,900,4,401511,46069.375,153016.390625
14,11,23,37,57,900,4,401511,46689.375,153381.96875
14,11,23,38,26,900,4,401511,46929.5,153525.796875
14,11,23,38,55,900,4,401511,47076.5,153473.328125
14,11,23,39,26,900,4,401511,47424.25,153463.3125
14,11,23,39,55,900,4,401511,47579.25,153555.15625
14,11,23,40,26,900,4,401511,48150.125,153794.03125
14,11,23,40,57,900,4,401511,48150.125,153794.03125
14,11,23,41,27,900,4,401511,48749.875,153780.625
14,11,23,41,56,900,4,401511,49269.75,153768.0625
14,11,23,42,28,900,4,401511,49889.5,153752.109375
14,11,23,42,58,900,4,401511,50529.5,153735.796875
14,11,23,43,28,900,4,401511,51389.125,153715.3125
14,11,23,43,57,900,4,401511,51949.0,153704.234375
14,11,23,44,26,900,4,401511,52269.0,153699.203125
14,11,23,44,55,900,4,401511,52430.875,153549.078125
14,11,23,45,25,900,4,401511,52506.375,153093.0625
14,11,23,45,54,900,4,401511,52510.75,152058.3125
14,11,23,46,24,900,4,401511,52531.625,152024.359375
14,11,23,46,53,900,4,401511,52525.625,151205.78125
14,11,23,47,24,900,4,401511,52513.125,150485.84375
14,11,23,47,53,900,4,401511,52684.875,149825.859375
14,11,23,48,20,900,4,401511,52755.0,149441.453125
14,11,23,48,50,900,4,401511,52721.375,148663.171875
14,11,23,49,20,900,4,401511,52898.125,148548.53125
14,11,23,49,49,900,4,401511,53557.875,148525.015625
14,11,23,50,18,900,4,401511,53618.875,148215.578125
14,11,23,50,48,900,4,401511,53477.25,147049.71875
14,11,23,50,48,900,4,401511,53477.25,147049.71875
14,11,23,51,16,900,4,401511,53436.375,145930.453125
14,11,23,51,45,900,4,401511,53196.5,145464.765625
14,11,23,52,14,900,4,401511,52976.625,145469.3125
14,11,23,52,44,900,4,401511,52976.625,145469.3125
14,11,23,53,13,900,4,401511,52976.625,145469.3125
14,11,23,53,43,900,4,401511,52976.625,145469.3125
14,11,23,54,14,900,4,401511,52976.625,145469.3125
14,11,23,54,43,900,4,401511,52976.625,145469.3125
14,11,23,55,13,900,4,401511,52885.875,145471.40625
14,11,23,55,13,900,4,401511,52885.875,145471.40625
14,11,23,55,40,900,4,401511,52885.875,145471.40625
14,11,23,56,10,900,4,401511,52885.875,145471.40625
14,11,23,56,39,900,4,401511,52885.875,145471.40625
14,11,23,57,7,900,4,401511,52885.875,145471.40625
14,11,23,57,38,900,4,401511,52885.875,145471.40625
14,11,23,58,7,900,4,401511,52885.875,145471.40625
14,11,23,58,37,900,4,401511,52885.875,145471.40625
14,11,23,59,4,900,4,401511,52885.875,145471.40625
14,11,23,59,35,900,4,401511,52885.875,145471.40625
15,11,0,0,4,900,4,401511,52885.875,145471.40625
15,11,0,0,34,900,4,401511,52885.875,145471.40625
15,11,0,1,4,900,4,401511,52885.875,145471.40625
15,11,0,1,31,900,4,401511,52885.875,145471.40625
15,11,0,2,0,900,4,401511,52885.875,145471.40625
15,11,0,2,27,900,4,401511,52885.875,145471.40625
15,11,0,2,55,900,4,401511,52885.875,145471.40625
15,11,0,3,23,900,4,401511,52885.875,145471.40625
15,11,0,3,51,900,4,401511,52885.875,145471.40625
15,11,0,4,19,900,4,401511,52885.875,145471.40625
15,11,0,4,46,900,4,401511,52885.875,145471.40625
15,11,0,5,16,900,4,401511,52885.875,145471.40625
15,11,0,5,43,900,4,401511,52885.875,145471.40625
15,11,0,6,13,900,4,401511,52885.875,145471.40625
15,11,0,6,41,900,4,401511,52885.875,145471.40625
15,11,0,7,10,900,4,401511,52885.875,145471.40625
15,11,0,7,40,900,4,401511,52885.875,145471.40625
15,11,0,8,8,900,4,401511,52885.875,145471.40625
15,11,0,8,36,900,4,401511,52885.875,145471.40625
15,11,0,9,5,900,4,401511,52885.875,145471.40625
15,11,0,9,33,900,4,401511,52885.875,145471.40625
15,11,0,10,1,900,4,401511,52885.875,145471.40625
15,11,0,10,30,900,4,401511,52885.875,145471.40625
15,11,0,10,58,900,4,401511,52885.875,145471.40625
15,11,0,11,26,900,4,401511,52885.875,145471.40625
15,11,0,11,54,900,4,401511,52885.875,145471.40625
15,11,0,12,22,900,4,401511,52885.875,145471.40625
15,11,0,12,50,900,4,401511,52885.875,145471.40625
15,11,0,13,18,900,4,401511,52885.875,145471.40625
15,11,0,13,46,900,4,401511,52885.875,145471.40625
15,11,0,14,15,900,4,401511,52885.875,145471.40625
15,11,0,14,44,900,4,401511,52885.875,145471.40625
15,11,0,15,12,900,4,401511,52885.875,145471.40625
15,11,0,15,40,900,4,401511,52885.875,145471.40625
15,11,0,16,9,900,4,401511,52885.875,145471.40625
15,11,0,16,37,900,4,401511,52885.875,145471.40625
15,11,0,17,6,900,4,401511,52885.875,145471.40625
15,11,0,17,34,900,4,401511,52885.875,145471.40625
15,11,0,18,2,900,4,401511,52885.875,145471.40625
15,11,0,18,31,900,4,401511,52885.875,145471.40625
15,11,0,19,0,900,4,401511,52885.875,145471.40625
15,11,0,19,28,900,4,401511,52885.875,145471.40625
15,11,0,19,58,900,4,401511,52885.875,145471.40625
15,11,0,20,27,900,4,401511,52885.875,145471.40625
15,11,0,20,55,900,4,401511,52885.875,145471.40625
15,11,0,21,25,900,4,401511,52885.875,145471.40625
15,11,0,21,54,900,4,401511,52885.875,145471.40625
15,11,0,22,22,900,4,401511,52885.875,145471.40625
15,11,0,22,52,900,4,401511,52885.875,145471.40625
15,11,0,23,21,900,4,401511,52885.875,145471.40625
15,11,0,23,49,900,4,401511,52885.875,145471.40625
15,11,0,24,18,900,4,401511,52885.875,145471.40625
15,11,0,24,45,900,4,401511,52885.875,145471.40625
15,11,0,25,13,900,4,401511,52885.875,145471.40625
15,11,0,25,41,900,4,401511,52885.875,145471.40625
15,11,0,26,11,900,4,401511,52885.875,145471.40625
15,11,0,26,41,900,4,401511,52885.875,145471.40625
15,11,0,27,10,900,4,401511,52885.875,145471.40625
15,11,0,27,38,900,4,401511,52885.875,145471.40625
15,11,0,28,7,900,4,400513,52883.875,145471.453125
15,11,0,28,36,900,4,400513,52883.875,145471.453125
15,11,0,29,4,900,4,400513,52883.875,145471.453125
15,11,0,29,33,900,4,400513,52883.875,145471.453125
15,11,0,30,0,900,4,400513,52883.875,145471.453125
15,11,0,30,31,900,4,400513,52883.875,145471.453125
15,11,0,30,59,900,4,400513,52605.125,145478.953125
15,11,0,31,28,900,4,400513,52286.875,145749.53125
15,11,0,31,57,900,4,400513,52277.625,145767.21875
15,11,0,32,27,900,4,400513,52277.625,145767.21875
15,11,0,32,56,900,4,400513,52255.875,145881.828125
15,11,0,33,24,900,4,400513,52500.875,146151.5
15,11,0,33,51,900,4,400513,53200.875,146134.5
15,11,0,34,20,900,4,400513,53446.875,146388.859375
15,11,0,34,49,900,4,400513,53487.5,147407.78125
15,11,0,35,57,900,4,400513,53263.375,148795.125
15,11,0,36,26,900,4,400513,53283.375,149714.484375
15,11,0,36,56,900,4,400513,52884.875,149820.59375
15,11,0,37,24,900,4,400513,52505.25,150025.578125
15,11,0,37,51,900,4,400513,52518.75,150805.6875
15,11,0,38,19,900,4,400513,52534.125,151665.3125
15,11,0,38,45,900,4,400513,52495.25,152173.90625
15,11,0,39,12,900,4,400513,52497.625,152313.578125
15,11,0,39,39,900,4,400513,52459.125,153279.296875
15,11,0,40,6,900,4,400513,52189.0,153699.28125
15,11,0,40,32,900,4,400513,51589.25,153712.203125
15,11,0,41,1,900,4,400513,51269.25,153717.234375
15,11,0,41,27,900,4,400513,50349.625,153740.34375
15,11,0,41,53,900,4,400513,49449.75,153763.5
15,11,0,42,19,900,4,400513,48810.125,153779.109375
15,11,0,42,46,900,4,400513,48170.375,153793.640625
15,11,0,43,13,900,4,400513,47782.625,153673.078125
15,11,0,43,39,900,4,400513,47782.625,153673.078125
15,11,0,44,6,900,4,400513,47643.875,153593.3125
15,11,0,44,34,900,4,400513,47643.875,153593.3125
15,11,0,45,1,900,4,400513,47626.625,153583.0625
15,11,0,45,27,900,4,400513,47282.5,153379.21875
15,11,0,45,54,900,4,400513,47043.5,153529.046875
15,11,0,46,21,900,4,400513,46994.125,153564.3125
15,11,0,46,49,900,4,400513,46856.375,153482.703125
15,11,0,47,16,900,4,400513,46719.125,153400.71875
15,11,0,47,43,900,4,400513,46237.125,153116.390625
15,11,0,48,9,900,4,400513,45961.75,152952.8125
15,11,0,48,37,900,4,400513,45686.5,152789.984375
15,11,0,49,3,900,4,400513,45393.375,152617.640625
15,11,0,49,29,900,4,400513,45393.375,152617.640625
15,11,0,49,56,900,4,400513,45244.75,152775.953125
15,11,1,18,50,900,4,400009,39317.5,165755.390625
15,11,1,18,50,900,4,400009,39317.5,165755.390625
15,11,1,19,13,900,4,400009,39327.5,166115.296875
15,11,1,19,36,900,4,400009,39338.875,166575.125
15,11,1,19,59,900,4,400009,39348.5,166975.15625
15,11,1,20,22,900,4,400009,39281.5,167477.046875
15,11,1,20,45,900,4,400009,38881.5,167484.25
15,11,1,21,8,900,4,400009,38696.625,167410.921875
15,11,1,21,32,900,4,400009,38686.0,166910.953125
15,11,1,21,56,900,4,400009,38673.625,166351.171875
15,11,1,22,20,900,4,400009,38717.625,166159.125
15,11,1,22,41,900,4,400009,38857.625,166156.34375
15,11,1,23,4,900,4,400009,39327.875,166117.84375
15,11,1,23,29,900,4,400009,39320.875,165877.90625
15,11,1,23,51,900,4,400009,39312.75,165577.8125
15,11,1,24,15,900,4,400009,39298.25,165058.203125
15,11,1,24,39,900,4,400009,39282.75,164498.484375
15,11,1,25,2,900,4,400009,39437.875,164373.921875
15,11,1,25,25,900,4,400009,39794.375,164411.375
15,11,1,25,48,900,4,400009,40209.625,164359.03125
15,11,1,26,11,900,4,400009,40197.125,163899.21875
15,11,1,26,34,900,4,400009,40238.75,163471.53125
15,11,1,26,56,900,4,400009,40658.5,163462.15625
15,11,1,27,19,900,4,400009,40784.5,163459.3125
15,11,1,27,41,900,4,400009,40784.5,163459.3125
15,11,1,28,2,900,4,400009,40784.5,163459.3125
15,11,1,28,25,900,4,400009,40784.5,163459.3125
15,11,1,28,48,900,4,400009,40784.5,163459.3125
15,11,1,29,9,900,4,400009,40784.5,163459.3125
15,11,1,29,31,900,4,400009,40784.5,163459.3125
15,11,1,29,53,900,4,400009,40784.5,163459.3125
15,11,1,30,15,900,4,400009,40784.5,163459.3125
15,11,1,30,39,900,4,400009,40784.5,163459.3125
15,11,1,31,1,900,4,400009,40784.5,163459.3125
15,11,1,31,23,900,4,400009,40784.5,163459.3125
15,11,1,31,43,900,4,400009,40784.5,163459.3125
15,11,1,32,5,900,4,400009,40784.5,163459.3125
15,11,1,32,27,900,4,400009,40784.5,163459.3125
15,11,1,32,49,900,4,400009,40784.5,163459.3125
15,11,1,33,10,900,4,400009,40784.5,163459.3125
15,11,1,33,32,900,4,400009,40784.5,163459.3125
15,11,1,33,55,900,4,400009,40784.5,163459.3125
15,11,1,34,17,900,4,400009,40784.5,163459.3125
15,11,1,34,39,900,4,400009,40784.5,163459.3125
15,11,1,35,2,900,4,400009,40784.5,163459.3125
15,11,1,35,23,900,4,400009,40784.5,163459.3125
15,11,1,35,46,900,4,400009,40784.5,163459.3125
15,11,1,36,6,900,4,401012,40785.25,163460.390625
15,11,1,36,29,900,4,401012,40785.25,163460.390625
15,11,1,36,51,900,4,401012,40785.25,163460.390625
15,11,1,37,12,900,4,401012,40785.25,163460.390625
15,11,1,37,36,900,4,401012,40785.25,163460.390625
15,11,1,37,58,900,4,401012,40785.25,163460.390625
15,11,1,38,19,900,4,401012,40785.25,163460.390625
15,11,1,38,40,900,4,401012,40785.25,163460.390625
15,11,1,39,1,900,4,401012,40791.0,163679.171875
15,11,1,39,24,900,4,401012,40464.0,163776.828125
15,11,1,39,45,900,4,401012,40223.875,163781.9375
15,11,1,40,6,900,4,401012,40207.875,164292.296875
15,11,1,40,27,900,4,401012,39941.125,164408.484375
15,11,1,40,48,900,4,401012,39584.25,164371.03125
15,11,1,41,9,900,4,401012,39344.375,164375.78125
15,11,1,41,31,900,4,401012,39295.75,164971.78125
15,11,1,41,31,900,4,401012,39295.75,164971.78125
15,11,1,41,52,900,4,401012,39311.25,165531.5
15,11,1,42,13,900,4,401012,39443.125,165701.828125
15,11,1,42,35,900,4,401012,40238.375,165642.328125
15,11,1,42,57,900,4,401012,41058.25,165624.6875
15,11,1,43,19,900,4,401012,41718.0,165610.234375
15,11,1,43,40,900,4,401012,41721.5,165010.015625
15,11,1,44,1,900,4,401012,41581.875,164430.84375
15,11,1,44,22,900,4,401012,41991.375,163983.15625
15,11,1,44,44,900,4,401012,41945.875,163291.96875
15,11,1,45,5,900,4,401012,41892.75,162747.203125
15,11,1,45,26,900,4,401012,41881.125,162067.390625
15,11,1,45,47,900,4,401012,41866.125,161467.515625
15,11,1,46,9,900,4,401012,41790.625,161239.15625
15,11,1,46,30,900,4,401012,41537.875,161217.5
15,11,1,46,51,900,4,401012,41531.25,160957.5
15,11,1,47,12,900,4,401012,41527.375,160797.78125
15,11,1,47,33,900,4,401012,41507.25,159997.71875
15,11,1,47,53,900,4,401012,41492.625,159417.921875
15,11,1,48,14,900,4,401012,41492.25,159398.234375
15,11,1,48,35,900,4,401012,41492.25,159398.234375
15,11,1,48,55,900,4,401012,41492.25,159398.234375
15,11,1,49,18,900,4,401012,41492.25,159398.234375
15,11,1,49,39,900,4,401012,41492.25,159398.234375
15,11,1,49,59,900,4,401012,41492.25,159398.234375
15,11,1,50,19,900,4,401012,41488.875,159238.125
15,11,1,50,39,900,4,401012,41488.875,159238.125
15,11,1,51,0,900,4,401012,41476.5,158738.1875
15,11,1,51,21,900,4,401012,41466.625,158398.34375
15,11,1,51,41,900,4,401012,41466.625,158398.34375
15,11,1,52,2,900,4,401012,41466.625,158398.34375
15,11,1,52,24,900,4,401012,41466.625,158398.34375
15,11,1,52,46,900,4,401012,41416.875,158216.546875
15,11,1,53,5,900,4,401012,41295.625,158083.578125
15,11,1,53,26,900,4,401012,41180.875,157879.703125
15,11,1,53,46,900,4,401012,41447.5,157637.671875
15,11,1,54,7,900,4,401012,41965.125,157166.34375
15,11,1,54,28,900,4,401012,42172.375,156978.03125
15,11,1,54,49,900,4,401012,42601.375,156587.984375
15,11,1,55,9,900,4,401012,42823.375,156385.890625
15,11,1,55,30,900,4,401012,42971.25,156251.296875
15,11,1,55,50,900,4,401012,43385.5,155874.6875
15,11,1,56,10,900,4,401012,43453.625,155802.578125
15,11,1,56,31,900,4,401012,43555.375,155630.203125
15,11,1,56,52,900,4,401012,43769.125,155268.859375
15,11,1,57,12,900,4,401012,43881.375,155079.5
15,11,1,57,32,900,4,401012,44095.125,154718.140625
15,11,1,57,52,900,4,401012,44298.875,154373.78125
15,11,1,58,12,900,4,401012,44309.125,154356.796875
15,11,1,58,32,900,4,401012,44492.5,154046.75
15,11,1,58,52,900,4,401012,44635.125,153806.09375
15,11,1,59,12,900,4,401012,44635.125,153806.09375
15,11,1,59,32,900,4,401012,44747.125,153616.75
15,11,1,59,53,900,4,401012,44950.875,153272.390625
15,11,2,0,14,900,4,401012,44950.875,153272.390625
15,11,2,0,53,900,4,401012,45132.75,152965.296875
15,11,2,1,13,900,4,401012,45295.625,152689.96875
15,11,2,1,33,900,4,401012,45417.875,152483.265625
15,11,2,1,52,900,4,401012,45468.875,152397.28125
15,11,2,2,13,900,4,401012,45509.875,152328.609375
15,11,2,2,33,900,4,401012,45627.75,152195.34375
15,11,2,2,56,900,4,401012,45620.875,151895.21875
15,11,4,34,4,900,2,200004,46199.75,151272.5
15,11,4,34,23,900,2,200004,46099.625,151274.453125
15,11,4,34,43,900,2,200004,45959.75,151277.53125
15,11,4,35,5,900,2,200004,45933.875,151468.484375
15,11,4,35,22,900,2,200004,45939.0,151708.4375
15,11,4,35,41,900,2,200004,45863.875,152003.234375
15,11,4,36,1,900,2,200004,45818.0,152068.703125
15,11,4,36,21,900,2,200004,45720.875,152138.8125
15,11,4,36,41,900,2,200004,45655.125,152184.234375
15,11,4,37,1,900,2,200004,45441.125,152444.15625
15,11,4,37,20,900,2,200004,45420.5,152478.484375
15,11,4,37,41,900,2,200004,45339.125,152616.515625
15,11,4,38,1,900,2,200004,45237.375,152788.5
15,11,4,38,21,900,2,200004,45176.125,152891.859375
15,11,4,38,42,900,2,200004,44959.75,153257.625
15,11,4,39,2,900,2,200004,44837.5,153463.953125
15,11,4,39,22,900,2,200004,44644.0,153790.96875
15,11,4,39,43,900,2,200004,44440.25,154135.328125
15,11,4,40,3,900,2,200004,44226.25,154496.6875
15,11,4,40,23,900,2,200004,44053.0,154789.375
15,11,4,40,43,900,2,200004,44042.75,154806.359375
15,11,4,41,4,900,2,200004,44032.5,154823.71875
15,11,4,41,25,900,2,200004,43920.75,155013.0625
15,11,4,41,46,900,2,200004,43696.5,155391.765625
15,11,4,42,7,900,2,200004,43503.0,155718.796875
15,11,4,42,28,900,2,200004,43368.75,155889.984375
15,11,4,42,51,900,2,200004,43368.75,155889.984375
15,11,4,43,12,900,2,200004,43191.0,156051.4375
15,11,4,43,33,900,2,200004,42851.0,156360.90625
15,11,4,43,55,900,2,200004,42422.0,156751.3125
15,11,4,44,17,900,2,200004,41963.125,157168.203125
15,11,4,44,38,900,2,200004,41815.375,157302.8125
15,11,4,44,59,900,2,200004,41208.5,157854.71875
15,11,4,45,26,900,2,200004,40750.0,158272.0
15,11,4,45,44,900,2,200004,40475.0,158100.84375
15,11,4,46,6,900,2,200004,40186.375,157913.546875
15,11,4,46,29,900,2,200004,40008.75,158075.03125
15,11,4,46,51,900,2,200004,39537.5,158518.140625
15,11,4,47,15,900,2,200004,39539.0,158577.9375
15,11,4,47,38,900,2,200004,39543.75,158758.078125
15,11,4,48,1,900,2,200004,39559.5,159377.625
15,11,4,48,24,900,2,200004,39574.875,159997.546875
15,11,4,48,47,900,2,200004,39590.625,160617.453125
15,11,4,49,10,900,2,200004,39599.75,160977.375
15,11,4,49,36,900,2,200004,39599.75,160977.375
15,11,4,49,59,900,2,200004,39444.0,160984.828125
15,11,4,50,23,900,2,200004,39278.5,161022.390625
15,11,4,50,47,900,2,200004,39288.625,161422.0625
15,11,4,51,11,900,2,200004,39304.875,162082.09375
15,11,4,51,34,900,2,200004,39336.875,162801.28125
15,11,4,51,58,900,2,200004,39351.0,163265.8125
15,11,4,52,22,900,2,200004,39027.375,163497.328125
15,11,4,53,17,900,2,200004,37967.625,163520.90625
15,11,4,53,41,900,2,200004,37467.75,163532.296875
15,11,4,54,7,900,2,200004,37279.375,163858.5625
15,11,4,54,33,900,2,200004,37307.0,164798.203125
15,11,4,54,58,900,2,200004,37336.625,165817.703125
15,11,4,55,24,900,2,200004,37355.375,166457.625
15,11,4,55,49,900,2,200004,37379.25,167297.375
15,11,4,56,44,900,2,200004,37056.25,167475.640625
15,11,4,57,13,900,2,200004,37056.25,167475.640625
15,11,4,57,37,900,2,200004,37056.25,167475.640625
15,11,4,58,4,900,2,200004,37056.25,167475.640625
15,11,4,58,30,900,2,200004,37056.25,167475.640625
15,11,4,58,57,900,2,200004,37056.25,167475.640625
15,11,4,59,24,900,2,200004,37056.25,167475.640625
15,11,4,59,51,900,2,200004,37056.25,167475.640625
15,11,5,0,19,900,2,200004,37056.25,167475.640625
15,11,5,0,45,900,2,200004,37056.25,167475.640625
15,11,5,1,12,900,2,200004,37056.25,167475.640625
15,11,5,1,40,900,2,200004,37056.25,167475.640625
15,11,5,2,8,900,2,201011,37055.25,167474.5625
15,11,5,2,35,900,2,201011,37055.25,167474.5625
15,11,5,3,4,900,2,201011,37055.25,167474.5625
15,11,5,3,32,900,2,201011,37055.25,167474.5625
15,11,5,4,1,900,2,201011,37055.25,167474.5625
15,11,5,4,30,900,2,201011,37055.25,167474.5625
15,11,5,4,59,900,2,201011,37055.25,167474.5625
15,11,5,5,28,900,2,201011,37033.875,166755.890625
15,11,5,5,58,900,2,201011,37021.5,166336.21875
15,11,5,6,27,900,2,201011,37113.5,166190.640625
15,11,5,6,56,900,2,201011,37346.5,166160.09375
15,11,5,7,26,900,2,201011,37321.75,165300.296875
15,11,5,7,57,900,2,201011,37286.5,164100.671875
15,11,5,8,27,900,2,201011,37385.625,163533.9375
15,11,5,8,59,900,2,201011,37945.5,163521.34375
15,11,5,9,30,900,2,201011,38845.25,163501.65625
15,11,5,10,1,900,2,201011,39185.125,163493.828125
15,11,5,10,34,900,2,201011,39356.25,163443.015625
15,11,5,11,7,900,2,201011,39335.0,162743.3125
15,11,5,11,40,900,2,201011,39306.875,162168.15625
15,11,5,12,13,900,2,201011,39290.875,161508.484375
15,11,5,12,46,900,2,201011,39275.625,160888.5625
15,11,5,13,20,900,2,201011,39267.5,160564.75
15,11,5,13,55,900,2,201011,39260.875,160304.75
15,11,5,14,30,900,2,201011,39242.625,159584.921875
15,11,5,15,4,900,2,201011,39217.25,158565.328125
15,11,5,15,51,900,2,201011,39635.125,158414.046875
15,11,5,16,52,900,2,201011,40351.0,157964.65625
15,11,5,17,29,900,2,201011,40806.0,158220.921875
15,11,5,18,5,900,2,201011,41353.375,157723.078125
15,11,5,18,43,900,2,201011,41693.75,157413.5625
15,11,5,19,19,900,2,201011,41812.0,157305.796875
15,11,5,19,58,900,2,201011,42359.5,156807.984375
15,11,5,20,37,900,2,201011,42566.5,156619.6875
15,11,5,21,15,900,2,201011,42965.875,156256.140625
15,11,5,21,54,900,2,201011,43247.0,156000.34375
15,11,5,22,34,900,2,201011,43694.375,155395.453125
15,11,5,23,14,900,2,201011,43908.125,155034.109375
15,11,5,23,55,900,2,201011,43969.25,154930.75
15,11,5,24,37,900,2,201011,44044.75,154803.40625
15,11,5,25,19,900,2,201011,44044.75,154803.40625
15,11,5,26,2,900,2,201011,44044.75,154803.40625
15,11,5,26,46,900,2,201011,44044.75,154803.40625
15,11,5,27,29,900,2,201011,44044.75,154803.40625
15,11,5,28,12,900,2,201524,44045.625,154801.5625
15,11,5,28,56,900,2,201524,44045.625,154801.5625
15,11,5,29,42,900,2,201524,44045.625,154801.5625
15,11,5,30,27,900,2,201524,44248.875,154458.296875
15,11,5,31,12,900,2,201524,44422.125,154165.96875
15,11,5,31,58,900,2,201524,44610.25,153931.359375
15,11,5,32,44,900,2,201524,44920.0,154114.671875
15,11,5,33,31,900,2,201524,45160.875,154257.359375
15,11,5,34,17,900,2,201524,45677.25,154562.890625
15,11,5,35,5,900,2,201524,45587.625,154865.625
15,11,5,35,54,900,2,201524,46000.75,155110.0625
15,11,5,36,42,900,2,201524,46543.625,155431.515625
15,11,5,37,31,900,2,201524,46681.375,155513.109375
15,11,5,38,20,900,2,201524,47386.875,155931.046875
15,11,5,38,21,900,2,201524,47386.875,155931.046875
15,11,5,39,11,900,2,201524,48053.875,156259.625
15,11,5,40,2,900,2,201524,48700.0,156027.515625
15,11,5,40,55,900,2,201524,49288.5,156214.265625
15,11,5,41,48,900,2,201524,49728.5,156209.4375
15,11,5,42,41,900,2,201524,50928.25,156182.015625
15,11,5,42,42,900,2,201524,50928.25,156182.015625
15,11,5,43,36,900,2,201524,51948.125,156169.421875
15,11,5,44,29,900,2,201524,53167.875,156151.59375
15,11,5,45,25,900,2,201524,54107.75,156135.171875
15,11,5,46,25,900,2,201524,55808.375,156102.921875
15,11,5,47,20,900,2,201524,55876.125,157881.640625
15,11,5,48,19,900,2,201524,57000.75,157584.59375
15,11,5,49,19,900,2,201524,57581.375,155851.640625
15,11,5,50,18,900,2,201524,57608.125,155748.625
15,11,5,51,19,900,2,201524,57608.125,155748.625
15,11,5,52,21,900,2,201524,57608.125,155748.625
15,11,5,53,25,900,2,201524,57608.125,155748.625
15,11,5,54,26,900,2,201524,57608.125,155748.625
15,11,5,55,30,900,2,201524,57608.125,155748.625
15,11,5,56,33,900,2,201524,57608.125,155748.625
15,11,5,57,33,900,2,201524,57608.125,155748.625
15,11,5,58,35,900,2,201524,57608.125,155748.625
15,11,5,59,38,900,2,201524,57608.125,155748.625
15,11,6,0,42,900,2,201524,57608.125,155748.625
15,11,6,1,46,900,2,201524,57608.125,155748.625
15,11,6,2,52,900,2,201524,57608.125,155748.625
15,11,6,3,59,900,2,201524,57608.125,155748.625
15,11,6,5,5,900,2,200521,57607.25,155747.546875
15,11,6,6,13,900,2,200521,57607.25,155747.546875
15,11,6,7,21,900,2,200521,57525.75,156070.125
15,11,6,8,29,900,2,200521,57007.125,157789.875
15,11,6,8,30,900,2,200521,57007.125,157789.875
15,11,6,9,37,900,2,200521,55871.125,157775.9375
15,11,6,10,48,900,2,200521,55818.75,156377.078125
15,11,6,12,1,900,2,200521,55461.375,156095.984375
15,11,6,13,14,900,2,200521,54382.125,156132.515625
15,11,6,14,35,900,2,200521,53062.375,156154.703125
15,11,6,15,45,900,2,200521,51642.5,156171.25
15,11,6,16,53,900,2,200521,50422.75,156193.546875
15,11,6,18,10,900,2,200521,49623.0,156211.46875
15,11,6,19,28,900,2,200521,49323.5,156364.265625
15,11,6,20,45,900,2,200521,48042.625,156259.84375
15,11,6,22,7,900,2,200521,47738.375,156208.078125
15,11,6,23,27,900,2,200521,46576.0,155450.953125
15,11,6,24,51,900,2,200521,45942.875,155075.796875
15,11,6,26,13,900,2,200521,45208.75,154641.328125
15,11,6,27,37,900,2,200521,44387.0,154225.390625
15,11,6,29,1,900,2,200521,44020.125,154844.75
15,11,6,30,26,900,2,200005,43643.25,155481.828125
15,11,6,31,54,900,2,200005,43261.875,155987.296875
15,11,6,33,20,900,2,200005,42004.125,157130.921875
15,11,6,33,20,900,2,200005,42004.125,157130.921875
15,11,6,34,45,900,2,200005,41456.875,157629.09375
15,11,6,36,10,900,2,200005,40539.375,158171.453125
15,11,6,37,38,900,2,200005,39946.0,158131.71875
15,11,6,39,6,900,2,200005,39549.75,159002.390625
15,11,6,40,34,900,2,200005,39597.375,160881.828125
15,11,6,42,3,900,2,200005,39359.375,160986.5
15,11,6,43,33,900,2,200005,39299.5,161846.515625
15,11,6,45,5,900,2,200005,39351.0,163266.53125
15,11,6,46,35,900,2,200005,37543.125,163530.4375
15,11,6,48,9,900,2,200005,37347.75,166202.390625
15,11,6,49,43,900,2,200005,37361.0,166642.125
15,11,6,51,17,900,2,200005,37371.5,167470.09375
15,11,6,52,52,900,2,200005,37055.5,167475.65625
15,11,6,54,30,900,2,200005,37055.5,167475.65625
15,11,6,56,7,900,2,200005,37055.5,167475.65625
15,11,6,57,42,900,2,200005,37055.5,167475.65625
15,11,6,59,20,900,2,200005,37055.5,167475.65625
15,11,7,0,59,900,2,200005,37055.5,167475.65625
15,11,7,2,35,900,2,200005,37055.5,167475.65625
15,11,7,4,15,900,2,201011,37055.25,167474.5625
15,11,7,5,56,900,2,201011,37030.5,166635.9375
15,11,7,7,33,900,2,201011,37330.0,165580.328125
15,11,7,9,13,900,2,201011,37273.5,163660.9375
15,11,7,10,50,900,2,201011,39265.0,163492.25
15,11,7,12,28,900,2,201011,39331.625,162623.34375
15,11,7,14,10,900,2,201011,39290.5,161488.421875
15,11,7,15,52,900,2,201011,39266.875,160544.6875
15,11,7,17,36,900,2,201011,39217.625,158585.390625
15,11,7,19,22,900,2,201011,39815.875,158249.953125
15,11,7,21,7,900,2,201011,41208.25,157855.078125
15,11,7,22,51,900,2,201011,41563.5,157532.140625
15,11,7,26,22,900,2,201011,43604.5,155546.796875
15,11,7,28,9,900,2,201524,44091.5,154724.421875
15,11,7,29,57,900,2,201524,44458.125,154104.703125
15,11,7,31,46,900,2,201524,44981.125,154151.046875
15,11,7,33,32,900,2,201524,45678.625,154571.25
15,11,7,35,16,900,2,201524,46371.375,155329.78125
15,11,7,36,58,900,2,201524,46870.5,155625.09375
15,11,7,38,38,900,2,201524,48073.875,156258.5
15,11,7,40,20,900,2,201524,48793.625,156056.71875
15,11,7,42,4,900,2,201524,50908.0,156182.40625
15,11,7,43,54,900,2,201524,53151.875,156152.265625
15,11,7,45,50,900,2,201524,54811.625,156119.984375
15,11,7,47,40,900,2,201524,55843.0,157006.3125
15,11,7,49,31,900,2,201524,57073.375,157080.484375
15,11,7,51,22,900,2,201524,57608.125,155748.625
15,11,7,53,10,900,2,201524,57608.125,155748.625
15,11,7,54,55,900,2,201524,57608.125,155748.625
15,11,7,56,43,900,2,200521,57607.25,155747.546875
15,11,7,58,31,900,2,200521,57429.0,156352.515625
15,11,8,0,23,900,2,200521,55876.625,157895.859375
15,11,8,0,23,900,2,200521,55876.625,157895.859375
15,11,8,2,19,900,2,200521,55808.25,156097.4375
15,11,8,4,14,900,2,200521,54382.125,156132.515625
15,11,8,5,50,900,2,200521,52842.5,156161.09375
15,11,8,7,33,900,2,200521,51922.375,156169.546875
15,11,8,9,28,900,2,200521,50802.75,156184.796875
15,11,8,11,2,900,2,200521,49523.125,156212.296875
15,11,8,12,45,900,2,200521,48082.5,156257.96875
15,11,8,16,12,900,2,200521,46568.25,155446.359375
15,11,8,17,58,900,2,200521,45211.25,154642.75
15,11,8,19,39,900,2,200521,44677.875,154326.984375
15,11,8,21,19,900,2,200521,44368.125,154257.140625
15,11,8,23,5,900,2,200521,44205.0,154532.484375
15,11,8,24,49,900,2,200521,43868.875,155100.53125
15,11,8,26,30,900,13,1300009,43637.75,155491.0625
15,11,8,28,11,900,13,1300009,43031.625,156196.46875
15,11,8,29,39,900,13,1300009,42099.625,157044.390625
15,11,8,31,9,900,13,1300009,41596.5,157501.9375
15,11,8,32,43,900,13,1300009,40558.75,158192.953125
15,11,8,34,18,900,13,1300009,40041.5,158045.1875
15,11,8,35,46,900,13,1300009,39537.875,158533.8125
15,11,8,37,17,900,13,1300009,39547.5,158913.421875
15,11,8,38,45,900,13,1300009,39596.125,160832.96875
15,11,8,40,17,900,13,1300009,39284.75,161278.03125
15,11,8,41,48,900,13,1300009,39348.125,163166.625
15,11,8,43,15,900,13,1300009,39276.125,164265.125
15,11,8,44,39,900,13,1300009,39320.375,165854.203125
15,11,8,46,6,900,13,1300009,38343.75,166404.046875
15,11,8,47,39,900,13,1300009,38394.25,168563.25
15,11,8,51,51,900,13,1300009,38429.0,170112.03125
15,11,8,51,51,900,13,1300009,38429.0,170112.03125
15,11,8,53,19,900,13,1300009,38429.0,170112.03125
15,11,8,54,43,900,13,1300009,38429.0,170112.03125
15,11,8,56,15,900,13,1300009,38429.0,170112.03125
15,11,8,57,24,900,13,1300009,38429.0,170112.03125
15,11,8,58,42,900,13,1300009,38429.0,170112.03125
15,11,9,0,3,900,13,1300009,38429.0,170112.03125
15,11,9,2,41,900,13,1300009,38429.0,170112.03125
15,11,9,3,56,900,13,1300009,38429.0,170112.03125
15,11,9,5,14,900,13,1300009,38429.0,170112.03125
15,11,9,6,38,900,13,1300009,38429.0,170112.03125
15,11,9,7,41,900,13,1300009,38429.0,170112.03125
15,11,9,8,54,900,13,1300009,38429.0,170112.03125
15,11,9,10,8,900,13,1300009,38429.0,170112.03125
15,11,9,11,21,900,13,1300009,38429.0,170112.03125
15,11,9,12,35,900,13,1300009,38429.0,170112.03125
15,11,9,13,49,900,13,1300009,38429.0,170112.03125
15,11,9,15,1,900,13,1300009,38429.0,170112.03125
15,11,9,16,14,900,13,1300009,38429.0,170112.03125
15,11,9,17,21,900,13,1300009,38429.0,170112.03125
15,11,9,18,36,900,13,1301010,38428.75,170113.859375
15,11,9,19,42,900,13,1301010,38428.75,170113.859375
15,11,9,20,54,900,13,1301010,38432.25,170252.796875
15,11,9,22,9,900,13,1301010,38832.5,169785.890625
15,11,9,23,7,900,13,1301010,38418.875,169665.296875
15,11,9,24,14,900,13,1301010,38398.5,168765.65625
15,11,9,25,21,900,13,1301010,38354.125,166826.328125
15,11,9,26,29,900,13,1301010,39018.625,166153.15625
15,11,9,27,35,900,13,1301010,39315.375,165677.0
15,11,9,28,45,900,13,1301010,39283.75,164537.140625
15,11,9,29,50,900,13,1301010,39289.375,163491.765625
15,11,9,30,54,900,13,1301010,39338.5,162859.265625
15,11,9,31,57,900,13,1301010,39303.25,162000.03125
15,11,9,32,59,900,13,1301010,39278.375,161000.515625
15,11,9,34,1,900,13,1301010,39265.75,160500.5625
15,11,9,35,7,900,13,1301010,39263.25,160400.65625
15,11,9,36,8,900,13,1301010,39240.75,159500.671875
15,11,9,37,11,900,13,1301010,39216.125,158521.203125
15,11,9,38,10,900,13,1301010,39594.25,158445.875
15,11,9,39,14,900,13,1301010,40450.625,158073.96875
15,11,9,40,14,900,13,1301010,41374.25,157704.0625
15,11,9,41,14,900,13,1301010,42217.375,156937.015625
15,11,9,42,16,900,13,1301010,42602.125,156587.25
15,11,9,43,13,900,13,1301010,43238.375,156008.546875
15,11,9,44,13,900,13,1301010,43688.375,155405.78125
15,11,9,45,13,900,13,1301010,43902.125,155044.0625
15,11,9,46,11,900,2,201524,44268.75,154424.71875
15,11,9,47,10,900,2,201524,44533.625,153977.359375
15,11,9,49,8,900,2,201524,44919.25,154114.3125
15,11,9,50,11,900,2,201524,45074.0,154205.796875
15,11,9,51,11,900,2,201524,45539.25,154480.203125
15,11,9,52,14,900,2,201524,45827.75,155007.984375
15,11,9,55,12,900,2,201524,46681.375,155513.109375
15,11,9,56,11,900,2,201524,47249.125,155849.4375
15,11,9,57,11,900,2,201524,47994.0,156262.234375
15,11,9,58,7,900,2,201524,48089.875,156257.46875
15,11,9,59,6,900,2,201524,48700.5,156107.40625
15,11,10,0,2,900,2,201524,48700.125,156047.578125
15,11,10,0,58,900,2,201524,49488.625,156212.96875
15,11,10,1,54,900,2,201524,50268.375,156197.234375
15,11,10,2,48,900,2,201524,50908.0,156182.40625
15,11,10,3,44,900,2,201524,51588.0,156171.5625
15,11,10,4,39,900,2,201524,52728.0,156162.90625
15,11,10,5,35,900,2,201524,54167.75,156134.765625
15,11,10,6,31,900,2,201524,55447.125,156096.625
15,11,10,7,27,900,2,201524,55814.375,156262.59375
15,11,10,8,22,900,2,201524,55876.125,157881.640625
15,11,10,9,23,900,2,201524,56471.125,158067.765625
15,11,10,10,13,900,2,201524,56531.375,158066.640625
15,11,10,11,8,900,2,201524,57045.375,157138.28125
15,11,10,12,4,900,2,201524,57621.875,155758.21875
15,11,10,13,0,900,2,201524,57608.125,155748.625
15,11,10,14,53,900,2,201524,57608.125,155748.625
15,11,10,15,51,900,2,201524,57608.125,155748.625
15,11,10,16,48,900,2,201524,57608.125,155748.625
15,11,10,17,43,900,2,201524,57608.125,155748.625
15,11,10,18,39,900,2,201524,57608.125,155748.625
15,11,10,19,35,900,2,201524,57608.125,155748.625
15,11,10,20,32,900,2,201524,57608.125,155748.625
15,11,10,21,30,900,2,201524,57608.125,155748.625
15,11,10,22,26,900,2,200521,57607.25,155747.546875
15,11,10,23,24,900,2,200521,57607.25,155747.546875
15,11,10,24,20,900,2,200521,57606.375,155708.890625
15,11,10,25,18,900,2,200521,57034.5,157161.109375
15,11,10,26,15,900,2,200521,56285.75,158072.375
15,11,10,27,12,900,2,200521,55856.625,157376.359375
15,11,10,28,10,900,2,200521,55811.875,156197.34375
15,11,10,29,6,900,2,200521,55201.875,156107.109375
15,11,10,30,4,900,2,200521,54362.125,156132.53125
15,11,10,31,1,900,2,200521,53822.125,156139.140625
15,11,10,31,59,900,2,200521,52802.25,156161.859375
15,11,10,32,58,900,2,200521,51662.375,156170.875
15,11,10,33,58,900,2,200521,50822.625,156184.40625
15,11,10,34,52,900,2,200521,50062.875,156201.546875
15,11,10,35,49,900,2,200521,49347.375,156364.171875
15,11,10,36,44,900,2,200521,48901.875,156222.453125
15,11,10,37,40,900,2,200521,48062.5,156259.09375
15,11,10,38,35,900,2,200521,47734.5,156200.125
15,11,10,39,31,900,2,200521,47239.375,155843.421875
15,11,10,40,26,900,2,200521,46654.125,155497.234375
15,11,10,41,23,900,2,200521,46602.75,155466.484375
15,11,10,42,19,900,2,200521,46138.0,155191.296875
15,11,10,43,16,900,2,200521,45925.625,155065.546875
15,11,10,44,12,900,2,200521,45329.625,154712.3125
15,11,10,45,9,900,2,200521,45036.5,154539.25
15,11,10,46,5,900,2,200521,44411.75,154182.953125
15,11,10,47,1,900,2,200521,44340.375,154303.640625
15,11,10,47,57,900,2,200521,44045.125,154802.671875
15,11,10,48,52,900,2,200521,44014.625,154854.34375
15,11,10,49,48,900,2,200005,43711.0,155367.03125
15,11,10,50,43,900,2,200005,43649.875,155470.390625
15,11,10,51,42,900,2,200005,42975.625,156247.5625
15,11,10,52,38,900,2,200005,42768.375,156435.859375
15,11,10,53,33,900,2,200005,41969.5,157162.609375
15,11,10,54,31,900,2,200005,41214.75,157849.125
15,11,10,55,25,900,2,200005,40561.25,158195.828125
15,11,10,56,23,900,2,200005,39837.25,158230.546875
15,11,10,57,20,900,2,200005,39542.25,158709.578125
