date,month,hour,minute,second,index,unknown1,unknown2,x,y
1,11,10,58,2,900,10,1001020,50067.375,158227.390625
1,11,10,59,3,900,10,1001020,50055.625,157787.265625
1,11,11,0,2,900,10,1001020,50047.75,157467.453125
1,11,11,0,58,900,10,1001020,49877.625,157071.234375
1,11,11,1,53,900,10,1001020,49217.625,157078.46875
1,11,11,2,51,900,10,1001020,48777.875,157082.203125
1,11,11,3,50,900,10,1001020,47977.75,157089.265625
1,11,11,4,52,900,10,1001020,47737.75,157091.359375
1,11,11,5,55,900,10,1001020,47177.875,157101.828125
1,11,11,6,56,900,10,1001020,46418.25,157118.390625
1,11,11,6,57,900,10,1001020,46418.25,157118.390625
1,11,11,7,58,900,10,1001020,46054.625,156983.53125
1,11,11,9,0,900,10,1001020,45658.125,156750.453125
1,11,11,10,3,900,10,1001020,44972.0,156341.328125
1,11,11,11,6,900,10,1001020,44765.375,156219.125
1,11,11,12,7,900,10,1001020,44386.5,155995.21875
1,11,11,13,5,900,10,1001020,44094.0,155822.15625
1,11,11,14,4,900,10,1001020,43922.0,155720.078125
1,11,11,15,4,900,10,1001020,43801.375,155648.75
1,11,11,16,7,900,10,1001020,43543.375,155495.828125
1,11,11,17,9,900,10,1001020,43302.25,155353.875
1,11,11,18,10,900,10,1001020,43115.375,155109.078125
1,11,11,19,10,900,10,1001020,43390.5,154644.359375
1,11,11,20,10,900,12,1201017,43665.625,154179.65625
1,11,11,21,9,900,12,1201017,43787.625,153972.953125
1,11,11,22,9,900,12,1201017,44042.5,153542.9375
1,11,11,23,9,900,12,1201017,44463.125,153133.40625
1,11,11,24,9,900,12,1201017,44669.5,153255.625
1,11,11,25,9,900,12,1201017,44893.5,153388.0625
1,11,11,26,10,900,12,1201017,45065.75,153489.78125
1,11,11,27,12,900,12,1201017,45358.25,153662.859375
1,11,11,28,11,900,12,1201017,45667.5,153846.90625
1,11,11,29,12,900,12,1201017,45805.375,154284.21875
1,11,11,30,12,900,12,1201017,46218.625,154527.921875
1,11,11,31,18,900,12,1201017,46494.125,154690.765625
1,11,11,32,14,900,12,1201017,46580.0,154742.0
1,11,11,33,18,900,12,1201017,46907.25,154935.21875
1,11,11,34,18,900,12,1201017,47303.125,155169.796875
1,11,11,35,18,900,12,1201017,47698.875,155404.015625
1,11,11,36,26,900,12,1201017,48266.875,155740.0
1,11,11,37,23,900,12,1201017,49142.0,156263.421875
1,11,11,39,24,900,12,1201017,49998.5,157069.640625
1,11,11,40,24,900,12,1201017,50032.375,156781.859375
1,11,11,41,25,900,12,1201017,50032.375,156781.859375
1,11,11,42,29,900,12,1200021,50031.375,156781.15625
1,11,11,43,31,900,12,1200021,50031.375,156781.15625
1,11,11,44,30,900,12,1200021,49498.375,156466.703125
1,11,11,45,31,900,12,1200021,48925.375,156139.1875
1,11,11,46,42,900,12,1200021,48000.375,155582.421875
1,11,11,47,35,900,12,1200021,47828.125,155480.6875
1,11,12,1,16,900,12,1200021,43515.125,154433.609375
1,11,12,1,17,900,12,1200021,43515.125,154433.609375
1,11,12,2,14,900,12,1200021,43301.125,154794.96875
1,11,12,3,11,900,12,1200021,43727.0,155109.15625
1,11,12,4,8,900,12,1200021,44071.125,155312.9375
1,11,12,5,5,900,12,1200021,44071.125,155312.9375
1,11,12,6,2,900,10,1000018,44156.75,155363.796875
1,11,12,7,1,900,10,1000018,44621.5,155638.921875
1,11,12,8,0,900,10,1000018,44621.5,155638.921875
1,11,12,8,52,900,10,1000018,45154.875,155954.6875
1,11,12,9,56,900,10,1000018,45430.5,156117.515625
1,11,12,10,54,900,10,1000018,46015.25,156464.40625
1,11,12,11,51,900,10,1000018,46574.25,157022.6875
1,11,12,12,48,900,10,1000018,46748.5,157106.5
1,11,12,13,45,900,10,1000018,47768.5,157091.125
1,11,12,14,44,900,10,1000018,48108.375,157087.828125
1,11,12,15,40,900,10,1000018,48548.5,157084.078125
1,11,12,16,38,900,10,1000018,49248.375,157077.875
1,11,12,18,33,900,10,1000018,50044.625,157318.296875
1,11,12,18,33,900,10,1000018,50044.625,157318.296875
1,11,12,19,30,900,10,1000018,50066.875,158217.90625
1,11,12,20,28,900,10,1000018,50085.5,158837.765625
1,11,12,21,28,900,10,1000018,50083.75,158786.734375
1,11,12,22,28,900,10,1000018,50132.625,160045.5625
1,11,12,23,25,900,10,1000018,50155.125,160805.4375
1,11,12,24,22,900,10,1000018,50174.0,161465.0625
1,11,12,25,20,900,10,1000018,50212.25,162824.421875
1,11,12,26,17,900,10,1000018,50369.5,163399.296875
1,11,12,27,14,900,10,1000018,50218.125,163928.296875
1,11,12,28,13,900,10,1000018,50225.375,163291.15625
1,11,12,29,11,900,10,1000018,50225.375,163291.15625
1,11,12,30,9,900,10,1000018,50225.375,163291.15625
1,11,12,31,8,900,10,1000018,50225.375,163291.15625
1,11,12,32,6,900,10,1000018,50225.375,163291.15625
1,11,12,33,5,900,10,1000018,50225.0,163284.96875
1,11,12,34,3,900,10,1001020,50225.25,163283.5
1,11,12,35,0,900,10,1001020,50225.25,163283.5
1,11,12,35,58,900,10,1001020,50225.25,163283.5
1,11,12,36,56,900,10,1001020,50225.25,163283.5
1,11,12,37,54,900,10,1001020,50225.25,163283.5
1,11,12,38,50,900,10,1001020,50189.625,162025.140625
1,11,12,39,49,900,10,1001020,50160.375,160985.5625
1,11,12,40,47,900,10,1001020,50124.875,159785.9375
1,11,12,41,47,900,10,1001020,50082.75,158746.984375
1,11,12,42,44,900,10,1001020,50081.5,158707.96875
1,11,12,43,42,900,10,1001020,50065.75,158168.3125
1,11,12,43,57,900,10,1001020,50065.125,158148.265625
1,11,12,44,1,900,10,1001020,50064.0,158108.15625
1,11,12,44,7,900,10,1001020,50058.375,157888.265625
1,11,12,44,11,900,10,1001020,50055.25,157768.296875
1,11,12,44,14,900,10,1001020,50051.875,157628.265625
1,11,12,44,18,900,10,1001020,50049.5,157528.34375
1,11,12,44,22,900,10,1001020,50046.625,157408.375
1,11,12,44,25,900,10,1001020,50044.5,157308.453125
1,11,12,44,29,900,10,1001020,50041.75,157188.46875
1,11,12,44,32,900,10,1001020,50039.875,157108.609375
1,11,12,44,37,900,10,1001020,50039.5,157088.546875
1,11,12,44,40,900,10,1001020,50018.625,157069.25
1,11,12,44,44,900,10,1001020,49978.75,157070.015625
1,11,12,44,48,900,10,1001020,49958.5,157070.046875
1,11,12,44,51,900,10,1001020,49958.5,157070.046875
1,11,12,44,55,900,10,1001020,49958.5,157070.046875
1,11,12,44,59,900,10,1001020,49958.5,157070.046875
1,11,12,45,2,900,10,1001020,49958.5,157070.046875
1,11,12,45,7,900,10,1001020,49958.5,157070.046875
1,11,12,45,9,900,10,1001020,49898.625,157071.1875
1,11,12,45,13,900,10,1001020,49818.625,157072.0
1,11,12,45,18,900,10,1001020,49758.75,157073.15625
1,11,12,45,21,900,10,1001020,49718.75,157073.5625
1,11,12,45,24,900,10,1001020,49698.75,157073.9375
1,11,12,45,28,900,10,1001020,49598.625,157074.78125
1,11,12,45,32,900,10,1001020,49458.625,157076.015625
1,11,12,45,36,900,10,1001020,49338.75,157077.234375
1,11,12,45,39,900,10,1001020,49258.5,157078.046875
1,11,12,45,43,900,10,1001020,49138.625,157078.890625
1,11,12,45,45,900,10,1001020,49038.75,157080.09375
1,11,12,45,50,900,10,1001020,48958.625,157080.546875
1,11,12,45,52,900,10,1001020,48858.75,157081.375
1,11,12,45,57,900,10,1001020,48778.875,157082.1875
1,11,12,46,1,900,10,1001020,48758.875,157082.203125
1,11,12,46,3,900,10,1001020,48758.875,157082.203125
1,11,12,46,7,900,10,1001020,48758.875,157082.203125
1,11,12,46,11,900,10,1001020,48718.625,157082.609375
1,11,12,46,14,900,10,1001020,48618.75,157083.453125
1,11,12,46,18,900,10,1001020,48498.625,157084.671875
1,11,12,46,22,900,10,1001020,48378.75,157085.53125
1,11,12,46,25,900,10,1001020,48258.625,157086.75
1,11,12,46,28,900,10,1001020,48037.625,157088.46875
1,11,12,46,32,900,10,1001020,47977.75,157089.265625
1,11,12,46,36,900,10,1001020,47977.75,157089.265625
1,11,12,46,39,900,10,1001020,47977.75,157089.265625
1,11,12,46,43,900,10,1001020,47977.75,157089.265625
1,11,12,46,47,900,10,1001020,47977.75,157089.265625
1,11,12,46,49,900,10,1001020,47977.75,157089.265625
1,11,12,46,54,900,10,1001020,47977.75,157089.265625
1,11,12,46,58,900,10,1001020,47977.75,157089.265625
1,11,12,47,1,900,10,1001020,47977.75,157089.265625
1,11,12,47,4,900,10,1001020,47977.75,157089.265625
1,11,12,47,8,900,10,1001020,47977.75,157089.265625
1,11,12,47,12,900,10,1001020,47977.75,157089.265625
1,11,12,47,16,900,10,1001020,47977.75,157089.265625
1,11,12,47,18,900,10,1001020,47977.75,157089.265625
1,11,12,47,23,900,10,1001020,47977.75,157089.265625
1,11,12,47,25,900,10,1001020,47977.75,157089.265625
1,11,12,47,29,900,10,1001020,47977.75,157089.265625
1,11,12,47,33,900,10,1001020,47957.75,157089.28125
1,11,12,47,36,900,10,1001020,47917.75,157089.703125
1,11,12,47,40,900,10,1001020,47897.75,157089.71875
1,11,12,47,44,900,10,1001020,47857.875,157090.125
1,11,12,47,47,900,10,1001020,47797.625,157090.5625
1,11,12,47,51,900,10,1001020,47757.75,157090.96875
1,11,12,47,55,900,10,1001020,47737.75,157091.359375
1,11,12,47,59,900,10,1001020,47737.75,157091.359375
1,11,12,48,1,900,10,1001020,47737.75,157091.359375
1,11,12,48,6,900,10,1001020,47737.75,157091.359375
1,11,12,48,8,900,10,1001020,47737.75,157091.359375
1,11,12,48,13,900,10,1001020,47737.75,157091.359375
1,11,12,48,16,900,10,1001020,47737.75,157091.359375
1,11,12,48,20,900,10,1001020,47737.75,157091.359375
1,11,12,48,32,900,10,1001020,47677.75,157092.515625
1,11,12,48,33,900,10,1001020,47597.625,157094.796875
1,11,12,48,34,900,10,1001020,47378.0,157099.78125
1,11,12,48,42,900,10,1001020,47277.875,157100.625
1,11,12,48,45,900,10,1001020,47177.875,157101.828125
1,11,12,48,46,900,10,1001020,47077.75,157103.046875
1,11,12,48,49,900,10,1001020,46977.875,157103.875
1,11,12,48,51,900,10,1001020,46918.0,157104.671875
1,11,12,48,56,900,10,1001020,46918.0,157104.671875
1,11,12,48,59,900,10,1001020,46918.0,157104.671875
1,11,12,49,3,900,10,1001020,46897.75,157104.703125
1,11,12,49,6,900,10,1001020,46877.75,157105.09375
1,11,12,49,10,900,10,1001020,46797.875,157105.90625
1,11,12,49,13,900,10,1001020,46698.0,157107.484375
1,11,12,49,21,900,10,1001020,46478.125,157115.40625
1,11,12,49,24,900,10,1001020,46398.25,157119.140625
1,11,12,49,28,900,10,1001020,46318.125,157122.890625
1,11,12,49,32,900,10,1001020,46246.75,157090.703125
1,11,12,49,51,900,10,1001020,45831.5,156850.328125
1,11,12,50,1,900,10,1001020,45692.125,156771.6875
1,11,12,50,18,900,10,1001020,45692.125,156771.6875
1,11,12,50,22,900,10,1001020,45692.125,156771.6875
1,11,12,50,29,900,10,1001020,45692.125,156771.6875
1,11,12,50,40,900,10,1001020,45692.125,156771.6875
1,11,12,50,47,900,10,1001020,45624.125,156729.59375
1,11,12,51,15,900,10,1001020,45282.0,156524.640625
1,11,12,51,22,900,10,1001020,45282.0,156524.640625
1,11,12,51,33,900,10,1001020,45178.625,156463.546875
1,11,12,51,40,900,10,1001020,45092.5,156412.6875
1,11,12,51,47,900,10,1001020,45075.375,156402.4375
1,11,12,51,51,900,10,1001020,45075.375,156402.4375
1,11,12,51,53,900,10,1001020,45075.375,156402.4375
1,11,12,52,0,900,10,1001020,45075.375,156402.4375
1,11,12,52,5,900,10,1001020,45075.375,156402.4375
1,11,12,52,8,900,10,1001020,45075.375,156402.4375
1,11,12,52,12,900,10,1001020,45075.375,156402.4375
1,11,12,52,15,900,10,1001020,45075.375,156402.4375
1,11,12,52,19,900,10,1001020,45058.125,156392.1875
1,11,12,52,22,900,10,1001020,45023.625,156371.703125
1,11,12,52,26,900,10,1001020,44972.0,156341.328125
1,11,12,52,36,900,10,1001020,44799.75,156239.625
1,11,12,52,40,900,10,1001020,44730.875,156199.0
1,11,12,52,44,900,10,1001020,44679.25,156168.28125
1,11,12,52,51,900,10,1001020,44662.0,156158.03125
1,11,12,52,57,900,10,1001020,44662.0,156158.03125
1,11,12,53,11,900,10,1001020,44662.0,156158.03125
1,11,12,53,18,900,10,1001020,44662.0,156158.03125
1,11,12,53,25,900,10,1001020,44662.0,156158.03125
1,11,12,53,29,900,10,1001020,44662.0,156158.03125
1,11,12,53,42,900,10,1001020,44662.0,156158.03125
1,11,12,53,43,900,10,1001020,44662.0,156158.03125
1,11,12,53,46,900,10,1001020,44662.0,156158.03125
1,11,12,53,50,900,10,1001020,44644.75,156148.15625
1,11,12,53,57,900,10,1001020,44507.0,156066.5625
1,11,12,54,0,900,10,1001020,44420.875,156015.703125
1,11,12,54,11,900,10,1001020,44180.125,155873.015625
1,11,12,54,15,900,10,1001020,44128.375,155842.65625
1,11,12,54,18,900,10,1001020,44111.125,155832.40625
1,11,12,54,21,900,10,1001020,44111.125,155832.40625
1,11,12,54,26,900,10,1001020,44111.125,155832.40625
1,11,12,54,57,900,10,1001020,44111.125,155832.40625
1,11,12,55,4,900,10,1001020,44111.125,155832.40625
1,11,12,55,11,900,10,1001020,44111.125,155832.40625
1,11,12,55,15,900,10,1001020,44111.125,155832.40625
1,11,12,55,36,900,10,1001020,43715.5,155597.53125
1,11,12,55,49,900,10,1001020,43595.0,155526.1875
1,11,12,55,55,900,10,1001020,43595.0,155526.1875
1,11,12,56,3,900,10,1001020,43595.0,155526.1875
1,11,12,56,7,900,10,1001020,43595.0,155526.1875
1,11,12,56,16,900,10,1001020,43560.5,155506.0625
1,11,12,56,35,900,10,1001020,43543.375,155495.828125
1,11,12,56,41,900,10,1001020,43543.375,155495.828125
1,11,12,56,46,900,10,1001020,43543.375,155495.828125
1,11,12,56,49,900,10,1001020,43526.125,155485.578125
1,11,12,56,52,900,10,1001020,43526.125,155485.578125
1,11,12,56,56,900,10,1001020,43474.5,155455.21875
1,11,12,57,4,900,10,1001020,43388.625,155403.984375
1,11,12,57,15,900,10,1001020,43232.625,155314.015625
1,11,12,57,21,900,10,1001020,43112.5,155241.9375
1,11,12,57,25,900,10,1001020,43078.625,155221.078125
1,11,12,57,33,900,10,1001020,43078.625,155221.078125
1,11,12,57,53,900,10,1001020,43064.25,155195.453125
1,11,12,58,8,900,10,1001020,43094.875,155143.78125
1,11,12,58,25,900,10,1001020,43115.375,155109.078125
1,11,12,58,33,900,10,1001020,43125.375,155092.109375
1,11,12,58,37,900,10,1001020,43125.375,155092.109375
1,11,12,58,40,900,10,1001020,43135.625,155074.75
1,11,12,59,1,900,10,1001020,43135.625,155074.75
1,11,12,59,6,900,10,1001020,43319.125,154765.0625
1,11,13,0,37,900,12,1201016,43726.5,154076.3125
1,11,13,0,42,900,12,1201016,43818.5,153921.640625
1,11,13,1,41,900,12,1201016,44215.625,153250.25
1,11,13,2,46,900,12,1201016,44652.625,153245.375
1,11,13,4,48,900,12,1201016,45048.5,153479.53125
1,11,13,5,52,900,12,1201016,45323.75,153642.359375
1,11,13,6,58,900,12,1201016,45655.125,153967.546875
1,11,13,8,2,900,12,1201016,45770.125,154264.84375
1,11,13,9,6,900,12,1201016,46356.375,154609.53125
1,11,13,10,11,900,12,1201016,46459.75,154670.640625
1,11,13,11,15,900,12,1201016,47148.125,155077.9375
1,11,13,12,15,900,12,1201016,47285.875,155159.546875
1,11,13,14,7,900,12,1201016,47562.125,155323.109375
1,11,13,14,7,900,12,1201016,47562.125,155323.109375
1,11,13,16,3,900,12,1201016,48559.875,155914.203125
1,11,13,17,6,900,12,1201016,48951.625,156155.828125
1,11,13,23,56,900,12,1201016,51457.625,160866.90625
1,11,13,23,56,900,12,1201016,51457.625,160866.90625
1,11,13,25,50,900,12,1201016,51474.875,161486.796875
1,11,15,25,47,900,12,1201016,50089.75,156815.421875
1,11,15,26,25,900,12,1201016,50641.25,157140.46875
1,11,15,26,32,900,12,1201016,50641.25,157140.46875
1,11,15,27,20,900,12,1201016,50761.75,157211.859375
1,11,15,28,13,900,12,1201016,50933.875,157313.265625
1,11,15,29,15,900,12,1201016,51347.375,157557.4375
1,11,15,30,9,900,12,1201016,47958.0,155557.34375
1,11,15,31,15,900,12,1201016,48968.625,156166.4375
1,11,15,32,2,900,12,1201016,49212.75,156302.921875
1,11,15,33,3,900,12,1201016,50369.0,156980.0625
1,11,15,34,4,900,12,1201016,50799.625,157234.109375
1,11,15,35,5,900,12,1201016,51374.125,157708.328125
1,11,15,36,8,900,12,1201016,51374.125,157708.328125
1,11,15,37,10,900,12,1201016,51518.5,163249.921875
1,11,15,38,13,900,12,1201016,51523.5,163249.828125
1,11,15,40,9,900,12,1201016,51523.5,163249.828125
1,11,15,41,5,900,12,1201016,51523.5,163249.828125
1,11,15,42,13,900,12,1201016,51523.5,163249.828125
1,11,15,43,24,900,12,1201016,51523.5,163249.828125
1,11,15,45,41,900,12,1201016,51523.5,163249.828125
1,11,15,46,39,900,12,1201016,51523.5,163249.828125
1,11,15,47,45,900,12,1201016,51523.5,163249.828125
1,11,15,48,53,900,12,1201016,51523.5,163249.828125
1,11,15,50,3,900,12,1201016,51523.5,163249.828125
1,11,15,51,13,900,12,1201016,51523.5,163249.828125
1,11,15,52,23,900,12,1201016,51523.5,163249.828125
1,11,15,53,36,900,12,1201016,51523.5,163249.828125
1,11,15,54,47,900,12,1201016,51523.5,163249.828125
1,11,15,56,40,900,12,1200020,51523.875,163248.734375
1,11,15,57,57,900,12,1200020,51479.5,161650.15625
1,11,15,59,8,900,12,1200020,51413.25,159031.1875
1,11,16,1,6,900,12,1200020,50768.5,157215.734375
1,11,16,2,22,900,12,1200020,49631.375,156545.140625
1,11,16,3,38,900,12,1200020,49146.0,156265.90625
1,11,16,4,55,900,12,1200020,48150.625,155671.09375
1,11,16,6,13,900,12,1200020,47875.125,155508.234375
1,11,16,7,30,900,12,1200020,47562.625,155323.46875
1,11,16,8,51,900,12,1200020,47080.75,155038.015625
1,11,16,10,14,900,12,1200020,46788.25,154864.921875
1,11,16,11,35,900,12,1200020,45841.5,154304.671875
1,11,16,13,8,900,12,1200020,45413.875,154051.40625
1,11,16,14,23,900,12,1200020,45259.125,153959.9375
1,11,16,15,51,900,12,1200020,44759.875,153664.296875
1,11,16,17,23,900,12,1200020,44144.5,153370.578125
1,11,16,18,55,900,12,1200020,43838.75,153886.953125
1,11,16,20,24,900,12,1200020,43482.25,154489.34375
1,11,16,21,55,900,12,1200020,43437.25,154940.421875
1,11,16,24,58,900,10,1000018,44611.0,155632.5625
1,11,16,26,32,900,10,1000018,45488.875,156152.5
1,11,16,28,5,900,10,1000018,46108.125,156519.515625
1,11,16,29,35,900,10,1000018,46566.5,156750.671875
1,11,16,31,6,900,10,1000018,47196.375,157101.828125
1,11,16,32,39,900,10,1000018,48036.375,157088.5
1,11,16,34,16,900,10,1000018,48176.5,157087.25
1,11,16,35,52,900,10,1000018,48856.25,157081.421875
1,11,16,37,25,900,10,1000018,49996.5,157069.671875
1,11,16,37,26,900,10,1000018,49996.5,157069.671875
1,11,16,39,13,900,10,1000018,50057.25,157845.96875
1,11,16,40,34,900,10,1000018,50087.625,158925.65625
1,11,16,42,13,900,10,1000018,50119.5,159605.828125
1,11,16,43,51,900,10,1000018,50134.5,160105.71875
1,11,16,45,24,900,10,1000018,50170.0,161325.046875
1,11,16,47,3,900,10,1000018,50224.625,163264.171875
1,11,16,48,39,900,10,1000018,50221.5,163939.171875
1,11,16,50,15,900,10,1000018,50227.125,163371.03125
1,11,16,51,53,900,10,1000018,50225.0,163284.96875
1,11,16,51,54,900,10,1000018,50225.0,163284.96875
1,11,16,53,32,900,10,1000018,50225.0,163284.96875
1,11,16,55,14,900,10,1000018,50225.0,163284.96875
1,11,16,58,36,900,10,1000018,50225.0,163284.96875
1,11,17,0,14,900,10,1000018,50225.0,163284.96875
1,11,17,1,55,900,10,1001020,50225.25,163283.5
1,11,17,3,35,900,10,1001020,50203.125,162505.0
1,11,17,6,55,900,10,1001020,50086.0,158866.953125
1,11,17,6,55,900,10,1001020,50086.0,158866.953125
1,11,17,8,39,900,10,1001020,50061.75,158027.203125
1,11,17,10,20,900,10,1001020,49797.75,157072.40625
1,11,17,12,6,900,10,1001020,48657.75,157083.0625
1,11,17,13,51,900,10,1001020,47697.75,157092.125
1,11,17,15,33,900,10,1001020,46837.875,157105.5
1,11,17,17,13,900,10,1001020,46229.25,157080.828125
1,11,17,18,58,900,10,1001020,45126.0,156432.46875
1,11,17,20,44,900,10,1001020,44540.75,156086.328125
1,11,17,22,28,900,10,1001020,44111.125,155832.40625
1,11,17,25,51,900,10,1001020,43115.375,155109.078125
1,11,17,27,32,900,12,1201017,43563.625,154351.65625
1,11,17,29,15,900,12,1201017,43706.25,154110.640625
1,11,17,30,59,900,12,1201017,44287.125,153129.921875
1,11,17,32,41,900,12,1201017,44497.5,153153.90625
1,11,17,34,21,900,12,1201017,44910.625,153397.9375
1,11,17,36,5,900,12,1201017,45237.875,153591.5
1,11,17,37,48,900,12,1201017,45598.875,153805.921875
1,11,17,39,33,900,12,1201017,45752.75,154255.328125
1,11,17,41,18,900,12,1201017,46580.0,154742.0
1,11,17,44,12,900,12,1201017,48111.875,155648.5
1,11,17,44,12,900,12,1201017,48163.875,155678.875
1,11,17,46,6,900,12,1201017,48933.875,156144.484375
1,11,17,47,50,900,12,1201017,49211.75,156302.21875
1,11,17,49,33,900,12,1201017,49352.125,156982.84375
1,11,17,51,15,900,12,1201017,50032.375,156781.859375
1,11,17,52,58,900,12,1201017,50032.375,156781.859375
1,11,17,54,41,900,12,1201017,50032.375,156781.859375
1,11,17,56,26,900,12,1201017,50032.375,156781.859375
1,11,17,58,7,900,12,1201017,50032.375,156781.859375
1,11,17,59,51,900,12,1201017,50032.375,156781.859375
1,11,18,1,27,900,12,1201017,50032.375,156781.859375
1,11,18,3,9,900,12,1201017,50032.375,156781.859375
1,11,18,4,52,900,12,1201017,50032.375,156781.859375
1,11,18,6,27,900,12,1200021,50031.375,156781.15625
1,11,18,9,39,900,12,1200021,48671.0,155980.640625
1,11,18,9,39,900,12,1200021,48671.0,155980.640625
1,11,18,45,42,900,10,1000018,50116.375,159505.921875
1,11,18,45,42,900,10,1000018,50116.375,159505.921875
1,11,18,47,7,900,10,1000018,50151.25,160665.421875
1,11,18,48,29,900,10,1000018,50225.25,163284.234375
1,11,18,49,58,900,10,1000018,50218.125,163928.296875
1,11,18,51,3,900,10,1000018,50228.375,163411.125
1,11,18,52,21,900,10,1000018,50225.0,163284.96875
1,11,18,52,23,900,10,1001006,50224.0,163244.484375
1,11,18,52,23,900,10,1001006,50224.0,163244.484375
1,11,18,53,38,900,10,1001006,50158.0,160905.71875
1,11,18,53,39,900,10,1001006,50157.375,160885.65625
2,11,7,19,25,900,3,301522,43455.0,155800.359375
2,11,7,19,26,900,3,301522,43455.0,155800.359375
2,11,7,21,8,900,3,301522,43658.5,155455.984375
2,11,7,22,51,900,3,301522,44249.125,154457.5625
2,11,7,24,33,900,3,301522,44585.5,153889.890625
2,11,7,38,4,900,3,301522,51435.125,153714.796875
2,11,7,38,4,900,3,301522,51454.75,153714.421875
2,11,7,39,43,900,3,301522,52215.0,154372.984375
2,11,7,41,21,900,3,301522,55073.875,154303.25
2,11,7,44,43,900,3,301522,55807.5,156083.953125
2,11,7,46,24,900,3,301522,55807.5,156083.953125
2,11,7,47,59,900,3,301522,55807.5,156083.953125
2,11,7,49,33,900,3,301522,55807.5,156083.953125
2,11,7,51,14,900,3,301522,55807.5,156083.953125
2,11,7,52,49,900,3,301522,55807.5,156083.953125
2,11,7,54,27,900,3,301522,55807.5,156083.953125
2,11,7,56,12,900,3,300502,55807.75,156082.859375
2,11,7,57,51,900,3,300502,55807.75,156082.859375
2,11,7,59,28,900,3,300502,55807.75,156082.859375
2,11,8,1,10,900,3,300502,55774.125,155204.25
2,11,8,2,52,900,3,300502,54430.375,154324.578125
2,11,8,2,52,900,3,300502,54430.375,154324.578125
2,11,8,4,31,900,3,300502,52890.75,154357.90625
2,11,8,6,14,900,3,300502,52405.125,153698.796875
2,11,8,7,56,900,3,300502,50365.75,153740.046875
2,11,8,9,36,900,3,300502,49046.125,153773.453125
2,11,8,11,16,900,3,300502,48026.375,153797.15625
2,11,8,12,55,900,3,300502,47761.375,153661.453125
2,11,8,14,37,900,3,300502,47102.625,153429.40625
2,11,8,16,16,900,3,300502,46801.5,153449.84375
2,11,8,17,44,900,3,300502,46044.375,153001.5625
2,11,8,19,21,900,3,300502,45372.875,152604.90625
2,11,8,20,51,900,3,300502,44888.75,153377.578125
2,11,8,22,25,900,3,300502,44450.75,154117.609375
2,11,8,23,56,900,3,300502,44195.875,154547.625
2,11,8,25,35,900,3,300502,44043.0,154806.0
2,11,8,27,1,900,3,300502,43187.875,156054.40625
2,11,8,27,1,900,3,300502,43187.875,156054.40625
2,11,8,28,28,900,3,300502,42503.875,156146.984375
2,11,8,29,56,900,3,300502,42730.75,155763.109375
2,11,8,31,19,900,3,300502,43067.125,156133.03125
2,11,8,32,45,900,3,300502,43082.75,156149.875
2,11,8,32,45,900,3,300502,43082.75,156149.875
2,11,8,34,9,900,3,301522,43083.375,156149.484375
2,11,8,35,28,900,3,301522,43083.375,156149.484375
2,11,8,36,47,900,3,301522,43083.375,156149.484375
2,11,8,38,8,900,3,301522,43083.375,156149.484375
2,11,8,39,29,900,3,301522,43201.0,156042.484375
2,11,8,40,52,900,3,301522,43632.0,155500.65625
2,11,8,42,15,900,3,301522,44110.875,154691.578125
2,11,8,43,33,900,3,301522,44263.5,154433.578125
2,11,8,44,49,900,3,301522,44630.375,153813.84375
2,11,8,46,10,900,3,301522,44935.875,153297.859375
2,11,9,1,34,900,3,301522,51694.75,153709.828125
2,11,9,1,35,900,3,301522,51714.75,153709.4375
2,11,9,2,50,900,3,301522,51885.0,153797.75
2,11,9,4,0,900,3,301522,52534.875,154365.78125
2,11,9,5,14,900,3,301522,53954.375,154334.71875
2,11,9,6,24,900,3,301522,55749.625,154428.71875
2,11,9,7,32,900,3,301522,55547.125,156076.125
2,11,16,45,32,900,2,201525,43106.25,156128.609375
2,11,16,49,30,900,2,201525,43106.25,156128.609375
2,11,16,51,30,900,2,201525,43546.5,155645.34375
2,11,16,53,28,900,2,201525,44076.25,154750.25
2,11,16,55,24,900,2,201525,44310.25,154354.578125
2,11,16,57,18,900,2,201525,44645.375,153952.1875
2,11,16,59,14,900,2,201525,45092.75,154217.09375
2,11,17,1,12,900,2,201525,45677.75,154563.25
2,11,17,4,55,900,2,201525,47301.5,155880.515625
2,11,17,6,39,900,2,201525,48383.75,156244.484375
2,11,17,8,32,900,2,201525,48700.375,156086.609375
2,11,17,10,29,900,2,201525,49509.25,156212.578125
2,11,17,12,29,900,2,201525,51529.0,156171.609375
2,11,17,14,26,900,2,201525,52753.0,156162.796875
2,11,17,16,25,900,2,201525,54132.5,156135.0625
2,11,17,18,26,900,2,201525,55808.5,156107.65625
2,11,17,20,26,900,2,201525,55895.75,157942.203125
2,11,17,22,29,900,2,201525,56476.125,158067.671875
2,11,17,24,17,900,2,201525,57301.625,156612.484375
2,11,17,26,2,900,2,201525,57608.125,155748.625
2,11,17,27,47,900,2,201525,57608.125,155748.625
2,11,17,29,37,900,2,201525,57608.125,155748.625
2,11,17,31,27,900,2,201525,57608.125,155748.625
2,11,17,33,16,900,2,201525,57608.125,155748.625
2,11,17,35,6,900,2,201525,57608.125,155748.625
2,11,17,36,56,900,2,200521,57607.25,155747.546875
2,11,17,38,44,900,2,200521,56928.5,157949.328125
2,11,17,38,45,900,2,200521,56914.375,157963.453125
2,11,17,40,32,900,2,200521,55811.875,156197.34375
2,11,17,42,20,900,2,200521,54182.0,156134.484375
2,11,17,44,6,900,2,200521,52682.375,156163.78125
2,11,17,45,53,900,2,200521,50682.625,156187.46875
2,11,17,47,44,900,2,200521,49349.125,156324.375
2,11,17,49,26,900,2,200521,48921.875,156221.34375
2,11,17,51,8,900,2,200521,48091.625,156257.4375
2,11,17,52,52,900,2,200521,47084.375,155751.921875
2,11,17,54,36,900,2,200521,45890.875,155045.421875
2,11,17,56,22,900,2,200521,45125.125,154591.890625
2,11,17,58,8,900,2,200521,44437.0,154184.28125
2,11,18,0,0,900,2,200521,44337.5,154308.8125
2,11,18,1,44,900,2,200521,44011.5,154859.515625
2,11,18,3,36,900,2,200005,43678.375,155422.40625
2,11,18,5,24,900,2,200005,43627.5,155508.40625
2,11,18,7,11,900,2,200005,43209.25,156035.015625
2,11,18,8,56,900,2,200005,42750.625,156452.265625
2,11,18,10,44,900,2,200005,41907.25,157219.28125
2,11,18,12,25,900,2,200005,41138.0,157918.859375
2,11,18,14,10,900,2,200005,40478.0,158104.0625
2,11,18,15,54,900,2,200005,39537.375,158513.765625
2,11,18,17,31,900,2,200005,39545.125,158813.5
2,11,18,19,14,900,2,200005,39594.0,160753.109375
2,11,18,20,55,900,2,200005,39448.375,160984.734375
2,11,18,22,34,900,2,200005,39298.25,161797.65625
2,11,18,24,6,900,2,200005,39346.125,163106.46875
2,11,18,25,42,900,2,200005,38971.625,163498.796875
2,11,18,27,17,900,2,200005,37308.625,164854.0
2,11,18,28,49,900,2,200005,37358.875,166573.203125
2,11,18,30,21,900,2,200005,37055.5,167475.65625
2,11,18,32,4,900,2,200005,37055.5,167475.65625
2,11,18,33,25,900,2,201011,37055.25,167474.5625
2,11,18,34,49,900,2,201011,37055.25,167474.5625
2,11,18,36,18,900,2,201011,37031.75,166676.046875
2,11,18,37,43,900,2,201011,37342.375,166020.078125
2,11,18,39,6,900,2,201011,37885.375,163522.90625
2,11,18,39,6,900,2,201011,37885.375,163522.90625
2,11,18,40,35,900,2,201011,39329.75,162563.546875
2,11,18,41,57,900,2,201011,39281.25,161148.578125
2,11,18,43,16,900,2,201011,39250.75,159904.71875
2,11,18,44,40,900,2,201011,39216.625,158545.28125
2,11,18,46,3,900,2,201011,40286.125,157893.703125
2,11,18,47,25,900,2,201011,41208.25,157855.078125
2,11,18,48,36,900,2,201011,41637.5,157464.65625
2,11,18,49,57,900,2,201011,42347.625,156818.796875
2,11,18,51,13,900,2,201011,43131.625,156105.5
2,11,18,52,33,900,2,201011,43513.125,155701.8125
2,11,18,53,49,900,2,201011,43716.5,155357.8125
2,11,18,55,5,900,2,201524,44103.625,154703.75
2,11,18,56,20,900,2,201524,44205.625,154531.375
2,11,18,57,31,900,2,201524,44531.75,153980.6875
2,11,18,58,40,900,2,201524,44829.625,154061.34375
2,11,18,59,51,900,2,201524,45191.0,154275.375
2,11,19,1,5,900,2,201524,45638.75,154539.5625
2,11,19,2,13,900,2,201524,46065.125,155148.203125
2,11,19,3,20,900,2,201524,46595.25,155462.25
2,11,19,4,23,900,2,201524,47593.5,156053.265625
2,11,19,5,28,900,2,201524,48138.0,156255.078125
2,11,19,6,34,900,2,201524,48089.875,156257.46875
2,11,19,7,38,900,2,201524,48701.375,156187.640625
2,11,19,9,49,900,2,201524,49948.5,156204.125
2,11,19,10,56,900,2,201524,50888.0,156182.796875
2,11,19,11,57,900,2,201524,52088.0,156168.5625
2,11,19,13,1,900,2,201524,53571.875,156142.453125
2,11,19,14,3,900,2,201524,53851.75,156138.578125
2,11,19,15,4,900,2,201524,55071.5,156112.125
2,11,19,16,1,900,2,201524,55810.25,156146.65625
2,11,19,17,2,900,2,201524,55938.375,158007.796875
2,11,19,17,2,900,2,201524,55938.375,158007.796875
2,11,19,18,4,900,2,201524,56935.25,157942.625
2,11,19,19,0,900,2,201524,56988.625,157280.90625
2,11,19,19,59,900,2,201524,57513.375,156118.890625
2,11,19,20,57,900,2,201524,57608.125,155748.625
2,11,19,21,55,900,2,201524,57608.125,155748.625
2,11,19,22,49,900,2,201524,57608.125,155748.625
2,11,19,23,49,900,2,201524,57608.125,155748.625
2,11,19,24,46,900,2,201524,57608.125,155748.625
2,11,19,25,42,900,2,201524,57608.125,155748.625
2,11,19,26,35,900,2,201524,57608.125,155748.625
2,11,19,27,32,900,2,201524,57608.125,155748.625
2,11,19,28,26,900,2,201524,57608.125,155748.625
2,11,19,29,24,900,2,201524,57608.125,155748.625
2,11,19,30,20,900,2,201524,57608.125,155748.625
2,11,19,31,14,900,2,201524,57608.125,155748.625
2,11,19,32,10,900,2,201524,57608.125,155748.625
2,11,19,33,4,900,2,201524,57608.125,155748.625
2,11,19,33,59,900,2,201524,57608.125,155748.625
2,11,19,34,50,900,2,201524,57608.125,155748.625
2,11,19,35,41,900,2,201524,57608.125,155748.625
2,11,19,36,31,900,2,201524,57608.125,155748.625
2,11,19,37,22,900,2,201524,57608.125,155748.625
2,11,19,38,9,900,2,201524,57608.125,155748.625
2,11,19,38,59,900,2,201524,57608.125,155748.625
2,11,19,39,47,900,2,200521,57607.25,155747.546875
2,11,19,40,37,900,2,200521,57607.25,155747.546875
2,11,19,41,28,900,2,200521,57607.25,155747.546875
2,11,19,42,15,900,2,200521,57607.25,155747.546875
2,11,19,43,4,900,2,200521,57607.25,155747.546875
2,11,19,43,54,900,2,200521,57640.75,155728.671875
2,11,19,44,41,900,2,200521,57104.0,157017.15625
2,11,19,45,33,900,2,200521,56988.5,157270.703125
2,11,19,46,24,900,2,200521,56961.875,157900.90625
2,11,19,47,19,900,2,200521,55858.125,157416.453125
2,11,19,48,10,900,2,200521,55681.375,156087.8125
2,11,19,49,2,900,2,200521,53922.125,156137.609375
2,11,19,49,55,900,2,200521,53722.0,156140.3125
2,11,19,50,44,900,2,200521,52722.375,156163.015625
2,11,19,51,31,900,2,200521,52542.25,156165.359375
2,11,19,52,23,900,2,200521,52162.5,156168.234375
2,11,19,53,11,900,2,200521,50862.625,156183.640625
2,11,19,53,58,900,2,200521,49523.125,156212.296875
2,11,19,54,42,900,2,200521,49288.375,156344.515625
2,11,19,55,28,900,2,200521,48881.875,156223.9375
2,11,19,56,13,900,2,200521,48102.75,156256.859375
2,11,19,56,56,900,2,200521,48071.625,156258.546875
2,11,19,57,42,900,2,200521,47618.25,156067.75
2,11,19,58,27,900,2,200521,46688.875,155517.34375
2,11,19,59,12,900,2,200521,46447.75,155375.0
2,11,20,0,1,900,2,200521,46132.0,155187.765625
2,11,20,0,43,900,2,200521,45805.0,154994.203125
2,11,20,1,27,900,2,200521,45125.125,154591.890625
2,11,20,2,14,900,2,200521,45004.875,154520.53125
2,11,20,3,1,900,2,200521,44574.5,154265.875
2,11,20,3,49,900,2,200521,44337.5,154308.8125
2,11,20,4,34,900,2,200521,43991.25,154893.84375
2,11,20,5,18,900,2,200521,43950.375,154962.859375
2,11,20,6,5,900,2,200005,43678.375,155422.40625
2,11,20,6,51,900,2,200005,43678.375,155422.40625
2,11,20,7,39,900,2,200005,43474.875,155766.78125
2,11,20,8,23,900,2,200005,43283.125,155967.53125
2,11,20,9,9,900,2,200005,42883.75,156331.078125
2,11,20,9,54,900,2,200005,42676.75,156519.375
2,11,20,10,40,900,2,200005,42025.75,157111.515625
2,11,20,11,24,900,2,200005,41552.125,157542.21875
2,11,20,12,8,900,2,200005,41138.0,157918.859375
2,11,20,12,50,900,2,200005,40585.75,158222.703125
2,11,20,13,33,900,2,200005,40356.75,157971.109375
2,11,20,14,13,900,2,200005,40130.5,157964.265625
2,11,20,14,53,900,2,200005,39982.375,158098.890625
2,11,20,15,34,900,2,200005,39545.125,158813.5
2,11,20,16,15,900,2,200005,39567.875,159713.109375
2,11,20,16,56,900,2,200005,39583.5,160333.015625
2,11,20,17,38,900,2,200005,39596.5,160853.015625
2,11,20,18,19,900,2,200005,39599.625,160972.984375
2,11,20,18,57,900,2,200005,39528.25,160982.796875
2,11,20,19,36,900,2,200005,39328.375,160987.109375
2,11,20,20,16,900,2,200005,39294.5,161657.625
2,11,20,20,55,900,2,200005,39304.0,162037.59375
2,11,20,21,33,900,2,200005,39332.625,162656.890625
2,11,20,22,13,900,2,200005,39350.375,163246.484375
2,11,20,22,51,900,2,200005,39011.875,163498.0
2,11,20,23,29,900,2,200005,39011.875,163498.0
2,11,20,24,10,900,2,200005,39011.875,163498.0
2,11,20,24,49,900,2,200005,38431.875,163510.59375
2,11,20,25,29,900,2,200005,37277.375,163794.390625
2,11,20,26,9,900,2,200005,37292.875,164313.984375
2,11,20,26,47,900,2,200005,37334.875,165753.53125
2,11,20,27,25,900,2,200005,37354.625,166433.1875
2,11,20,28,3,900,2,200005,37378.5,167272.9375
2,11,20,28,43,900,2,200005,37070.625,167475.359375
2,11,20,29,21,900,2,200005,37055.5,167475.65625
2,11,20,30,0,900,2,200005,37055.5,167475.65625
2,11,20,30,39,900,2,200005,37055.5,167475.65625
2,11,20,31,20,900,2,200005,37055.5,167475.65625
2,11,20,31,58,900,2,200005,37055.5,167475.65625
2,11,20,32,39,900,2,200005,37055.5,167475.65625
2,11,20,33,18,900,2,201011,37048.75,167255.796875
2,11,20,33,57,900,2,201011,37048.125,167235.734375
2,11,20,34,35,900,2,201011,37048.125,167235.734375
2,11,20,35,13,900,2,201011,37048.125,167235.734375
2,11,20,35,55,900,2,201011,37048.125,167235.734375
2,11,20,36,32,900,2,201011,37048.125,167235.734375
2,11,20,37,10,900,2,201011,37048.125,167235.734375
2,11,20,37,47,900,2,201011,37045.375,167135.828125
2,11,20,38,25,900,2,201011,37024.5,166436.125
2,11,20,39,3,900,2,201011,37317.625,165160.28125
2,11,20,39,39,900,2,201011,37296.75,164440.5
2,11,20,40,18,900,2,201011,37685.375,163527.25
2,11,20,41,3,900,2,201011,38185.375,163516.21875
2,11,20,41,36,900,2,201011,39265.0,163492.25
2,11,20,42,14,900,2,201011,39279.375,161068.71875
2,11,20,42,51,900,2,201011,39266.125,160508.59375
2,11,20,43,28,900,2,201011,39266.125,160508.59375
2,11,20,44,7,900,2,201011,39251.125,159928.796875
2,11,20,44,44,900,2,201011,39257.375,160164.71875
2,11,20,45,22,900,2,201011,39517.375,158483.875
2,11,20,45,59,900,2,201011,40050.0,158037.734375
2,11,20,46,37,900,2,201011,40472.0,158097.625
2,11,20,47,16,900,2,201011,40850.375,158180.640625
2,11,20,47,52,900,2,201011,41279.25,157790.5625
2,11,20,48,30,900,2,201011,41412.625,157669.375
2,11,20,49,6,900,2,201011,42063.5,157077.21875
2,11,20,49,42,900,2,201011,42285.25,156875.109375
2,11,20,50,53,900,2,201011,43114.0,156121.53125
2,11,20,51,29,900,2,201011,43350.5,155906.390625
2,11,20,52,6,900,2,201011,43450.0,155808.84375
2,11,20,52,42,900,2,201011,43633.25,155498.8125
2,11,20,53,19,900,2,201011,43643.25,155481.46875
2,11,20,53,55,900,2,201011,43653.5,155464.484375
2,11,20,54,34,900,2,201011,43877.5,155085.78125
2,11,20,55,11,900,2,201011,44044.75,154803.40625
2,11,20,55,48,900,2,201011,44044.75,154803.40625
2,11,20,56,28,900,2,201011,44044.75,154803.40625
2,11,20,57,1,900,2,201011,44044.75,154803.40625
2,11,20,57,36,900,2,201011,44044.75,154803.40625
2,11,20,58,13,900,2,201524,44045.625,154801.5625
2,11,20,58,51,900,2,201524,44045.625,154801.5625
2,11,20,59,27,900,2,201524,44045.625,154801.5625
2,11,21,0,4,900,2,201524,44045.625,154801.5625
2,11,21,0,42,900,2,201524,44259.125,154441.3125
2,11,21,1,20,900,2,201524,44371.25,154251.96875
2,11,21,1,58,900,2,201524,44411.75,154182.953125
2,11,21,2,35,900,2,201524,44564.625,153924.953125
2,11,21,3,13,900,2,201524,45126.375,154237.234375
2,11,21,3,51,900,2,201524,45677.25,154562.890625
2,11,21,4,27,900,2,201524,45596.75,154826.78125
2,11,21,5,4,900,2,201524,46138.25,155191.65625
2,11,21,5,42,900,2,201524,46784.625,155574.234375
2,11,21,6,20,900,2,201524,47249.125,155849.4375
2,11,21,6,57,900,2,201524,47914.125,156265.96875
2,11,21,7,33,900,2,201524,47954.125,156264.109375
2,11,21,8,11,900,2,201524,48089.875,156257.46875
2,11,21,8,50,900,2,201524,48243.0,156249.40625
2,11,21,9,28,900,2,201524,48701.625,156214.640625
2,11,21,10,5,900,2,201524,49025.0,156201.46875
2,11,21,10,43,900,2,201524,49401.5,156213.921875
2,11,21,11,18,900,2,201524,50301.125,156196.25
2,11,21,11,55,900,2,201524,50941.0,156181.78125
2,11,21,12,32,900,2,201524,51581.0,156171.328125
2,11,21,13,9,900,2,201524,52281.125,156167.4375
2,11,21,13,45,900,2,201524,52688.125,156163.671875
2,11,21,14,20,900,2,201524,52868.125,156160.234375
2,11,21,14,56,900,2,201524,54067.875,156135.5625
2,11,21,15,31,900,2,201524,54087.75,156135.546875
2,11,21,16,9,900,2,201524,54867.5,156118.546875
2,11,21,16,47,900,2,201524,55427.125,156097.734375
2,11,21,17,22,900,2,201524,55547.0,156092.171875
2,11,21,17,58,900,2,201524,55817.375,156342.796875
2,11,21,18,36,900,2,201524,55869.125,157721.609375
2,11,21,19,11,900,2,201524,56032.25,158073.875
2,11,21,19,47,900,2,201524,56905.0,157974.578125
2,11,21,20,24,900,2,201524,57028.125,157174.375
2,11,21,21,0,900,2,201524,57482.875,156239.125
2,11,21,21,37,900,2,201524,57638.875,155722.5
2,11,21,22,13,900,2,201524,57608.125,155748.625
2,11,21,22,50,900,2,201524,57608.125,155748.625
2,11,21,23,27,900,2,201524,57608.125,155748.625
2,11,21,24,3,900,2,201524,57608.125,155748.625
2,11,21,24,42,900,2,201524,57608.125,155748.625
2,11,21,25,20,900,2,201524,57608.125,155748.625
2,11,21,25,58,900,2,201524,57608.125,155748.625
2,11,21,26,35,900,2,201524,57608.125,155748.625
2,11,21,27,12,900,2,201524,57608.125,155748.625
2,11,21,27,50,900,2,201524,57608.125,155748.625
2,11,21,28,29,900,2,201524,57608.125,155748.625
2,11,21,29,8,900,2,201524,57608.125,155748.625
2,11,21,29,47,900,2,201524,57608.125,155748.625
2,11,21,30,24,900,2,201524,57608.125,155748.625
2,11,21,31,2,900,2,201524,57608.125,155748.625
2,11,21,31,40,900,2,201524,57608.125,155748.625
2,11,21,32,18,900,2,201524,57608.125,155748.625
2,11,21,32,56,900,2,201524,57608.125,155748.625
2,11,21,33,34,900,2,201524,57608.125,155748.625
2,11,21,34,11,900,2,201524,57608.125,155748.625
2,11,21,34,48,900,2,201524,57608.125,155748.625
2,11,21,35,26,900,2,201524,57608.125,155748.625
2,11,21,36,3,900,2,201524,57608.125,155748.625
2,11,21,36,41,900,2,201524,57608.125,155748.625
2,11,21,37,18,900,2,201524,57608.125,155748.625
2,11,21,37,55,900,2,201524,57608.125,155748.625
2,11,21,38,32,900,2,201524,57608.125,155748.625
2,11,21,39,9,900,2,200521,57607.25,155747.546875
2,11,21,39,46,900,2,200521,57607.25,155747.546875
2,11,21,40,24,900,2,200521,57607.25,155747.546875
2,11,21,41,1,900,2,200521,57607.25,155747.546875
2,11,21,41,38,900,2,200521,57607.25,155747.546875
2,11,21,42,14,900,2,200521,57607.25,155747.546875
2,11,21,42,50,900,2,200521,57535.625,156031.265625
2,11,21,43,25,900,2,200521,57043.0,157143.4375
2,11,21,44,1,900,2,200521,56873.0,158006.1875
2,11,21,44,36,900,2,200521,55900.125,157950.875
2,11,21,45,12,900,2,200521,55828.875,156637.0
2,11,21,45,51,900,2,200521,55810.375,156157.234375
2,11,21,46,28,900,2,200521,55321.625,156102.28125
2,11,21,47,4,900,2,200521,54182.0,156134.484375
2,11,21,47,41,900,2,200521,53862.125,156138.375
2,11,21,48,16,900,2,200521,53062.375,156154.703125
2,11,21,48,52,900,2,200521,52642.5,156164.171875
2,11,21,49,27,900,2,200521,52465.375,156166.46875
2,11,21,50,39,900,2,200521,50942.5,156181.75
2,11,21,50,39,900,2,200521,50942.5,156181.75
2,11,21,51,14,900,2,200521,50722.625,156186.6875
2,11,21,51,51,900,2,200521,49702.875,156209.9375
2,11,21,52,27,900,2,200521,49351.75,156244.421875
2,11,21,53,4,900,2,200521,49347.375,156364.171875
2,11,21,53,40,900,2,200521,49041.625,156213.5625
2,11,21,54,15,900,2,200521,48025.625,156260.890625
2,11,21,54,51,900,2,200521,48091.625,156257.4375
2,11,21,55,26,900,2,200521,48091.625,156257.4375
2,11,21,56,2,900,2,200521,47729.125,156190.375
2,11,21,56,37,900,2,200521,46937.375,155664.65625
2,11,21,57,12,900,2,200521,46283.25,155277.5
2,11,21,57,48,900,2,200521,46149.25,155198.015625
2,11,21,58,24,900,2,200521,45314.875,154703.484375
2,11,21,58,59,900,2,200521,45142.375,154602.125
2,11,21,59,34,900,2,200521,45142.375,154602.125
2,11,22,0,9,900,2,200521,44729.5,154357.34375
2,11,22,0,46,900,2,200521,44368.125,154257.140625
2,11,22,1,21,900,2,200521,44327.25,154325.796875
2,11,22,1,57,900,2,200521,44031.75,154824.828125
2,11,22,2,32,900,2,200521,44001.25,154876.5
2,11,22,3,6,900,2,200005,43800.625,155215.703125
2,11,22,3,43,900,2,200005,43637.75,155491.0625
2,11,22,4,17,900,2,200005,43535.75,155663.421875
2,11,22,4,53,900,2,200005,43046.625,156183.046875
2,11,22,5,29,900,2,200005,42780.25,156425.046875
2,11,22,6,3,900,2,200005,42646.875,156546.234375
2,11,22,6,38,900,2,200005,41966.625,157165.21875
2,11,22,7,14,900,2,200005,41774.125,157340.46875
2,11,22,7,52,900,2,200005,41167.5,157892.0
2,11,22,8,24,900,2,200005,40545.125,158178.265625
2,11,22,9,0,900,2,200005,40160.0,157937.421875
2,11,22,9,36,900,2,200005,39656.5,158394.65625
2,11,22,10,10,900,2,200005,39541.625,158673.46875
2,11,22,10,45,900,2,200005,39565.375,159613.1875
2,11,22,11,22,900,2,200005,39582.125,160273.21875
2,11,22,11,59,900,2,200005,39593.625,160733.046875
2,11,22,12,34,900,2,200005,39508.375,160983.1875
2,11,22,13,10,900,2,200005,39280.0,161097.890625
2,11,22,13,46,900,2,200005,39300.625,161877.5
2,11,22,14,21,900,2,200005,39335.5,162756.796875
2,11,22,14,56,900,2,200005,39351.75,163286.59375
2,11,22,15,34,900,2,200005,39011.875,163498.0
2,11,22,16,9,900,2,200005,38311.75,163513.703125
2,11,22,16,44,900,2,200005,37275.75,163734.234375
2,11,22,17,18,900,2,200005,37310.25,164913.796875
2,11,22,17,52,900,2,200005,37334.25,165733.46875
2,11,22,18,29,900,2,200005,37365.5,166793.078125
2,11,22,19,4,900,2,200005,37055.5,167475.65625
2,11,22,19,39,900,2,200005,37055.5,167475.65625
2,11,22,20,13,900,2,200005,37055.5,167475.65625
2,11,22,20,49,900,2,200005,37055.5,167475.65625
2,11,22,21,26,900,2,200005,37055.5,167475.65625
2,11,22,22,0,900,2,200005,37055.5,167475.65625
2,11,22,22,37,900,2,200005,37055.5,167475.65625
2,11,22,23,11,900,2,200005,37055.5,167475.65625
2,11,22,23,46,900,2,200005,37055.5,167475.65625
2,11,22,24,21,900,2,200005,37055.5,167475.65625
2,11,22,24,57,900,2,200005,37055.5,167475.65625
2,11,22,25,32,900,2,200005,37055.5,167475.65625
2,11,22,26,8,900,2,200005,37055.5,167475.65625
2,11,22,26,42,900,2,200005,37055.5,167475.65625
2,11,22,27,16,900,2,200005,37055.5,167475.65625
2,11,22,27,52,900,2,200005,37055.5,167475.65625
2,11,22,28,26,900,2,200005,37055.5,167475.65625
2,11,22,29,1,900,2,200005,37055.5,167475.65625
2,11,22,29,37,900,2,200005,37055.5,167475.65625
2,11,22,30,12,900,2,200005,37055.5,167475.65625
2,11,22,30,47,900,2,200005,37055.5,167475.65625
2,11,22,31,21,900,2,200005,37055.5,167475.65625
2,11,22,31,56,900,2,200005,37055.5,167475.65625
2,11,22,32,32,900,2,200005,37055.5,167475.65625
2,11,22,33,7,900,2,201011,37055.25,167474.5625
2,11,22,33,41,900,2,201011,37055.25,167474.5625
2,11,22,34,16,900,2,201011,37055.25,167474.5625
2,11,22,34,50,900,2,201011,37055.25,167474.5625
2,11,22,35,24,900,2,201011,37055.25,167474.5625
2,11,22,35,58,900,2,201011,37054.625,167455.609375
2,11,22,36,31,900,2,201011,37022.75,166376.3125
2,11,22,37,6,900,2,201011,37233.625,166188.25
2,11,22,37,41,900,2,201011,37326.375,165460.375
2,11,22,38,16,900,2,201011,37292.375,164300.859375
2,11,22,38,49,900,2,201011,37270.125,163540.984375
2,11,22,39,24,900,2,201011,38805.25,163502.453125
2,11,22,39,58,900,2,201011,39356.25,163443.015625
2,11,22,40,31,900,2,201011,39331.625,162623.34375
2,11,22,41,4,900,2,201011,39290.875,161508.484375
2,11,22,41,40,900,2,201011,39280.875,161128.515625
2,11,22,42,13,900,2,201011,39275.625,160888.5625
2,11,22,42,48,900,2,201011,39267.875,160584.796875
2,11,22,43,21,900,2,201011,39260.875,160304.75
2,11,22,43,54,900,2,201011,39248.25,159804.796875
2,11,22,44,27,900,2,201011,39226.0,158905.1875
2,11,22,44,59,900,2,201011,39218.75,158625.140625
2,11,22,45,33,900,2,201011,39401.5,158486.890625
2,11,22,46,6,900,2,201011,39638.0,158411.078125
2,11,22,46,39,900,2,201011,40272.875,157878.640625
2,11,22,47,13,900,2,201011,40676.5,158322.703125
2,11,22,47,46,900,2,201011,41267.375,157801.015625
2,11,22,48,21,900,2,201011,41548.5,157545.578125
2,11,22,48,53,900,2,201011,41844.375,157276.34375
2,11,22,49,24,900,2,201011,42169.875,156980.265625
2,11,22,49,55,900,2,201011,42244.125,156912.78125
2,11,22,50,26,900,2,201011,42673.125,156522.734375
2,11,22,50,56,900,2,201011,43057.75,156172.609375
2,11,22,51,28,900,2,201011,43383.0,155876.5625
2,11,22,51,59,900,2,201011,43533.375,155667.484375
2,11,22,52,30,900,2,201011,43696.25,155392.140625
2,11,22,53,1,900,2,201011,43788.0,155237.109375
2,11,22,53,32,900,2,201011,43930.5,154996.078125
2,11,22,54,3,900,2,201011,44044.75,154803.40625
2,11,22,54,35,900,2,201011,44044.75,154803.40625
2,11,22,55,5,900,2,201011,44044.75,154803.40625
2,11,22,55,42,900,2,201011,44044.75,154803.40625
2,11,22,56,6,900,2,201011,44044.75,154803.40625
2,11,22,56,37,900,2,201011,44044.75,154803.40625
2,11,22,57,7,900,2,201011,44044.75,154803.40625
2,11,22,57,37,900,2,201011,44044.75,154803.40625
2,11,22,58,6,900,2,201524,44045.625,154801.5625
2,11,22,58,37,900,2,201524,44045.625,154801.5625
2,11,22,59,7,900,2,201524,44045.625,154801.5625
2,11,22,59,38,900,2,201524,44045.625,154801.5625
2,11,23,0,6,900,2,201524,44045.625,154801.5625
2,11,23,0,36,900,2,201524,44085.75,154733.65625
2,11,23,1,7,900,2,201524,44116.625,154681.96875
2,11,23,1,36,900,2,201524,44248.875,154458.296875
2,11,23,2,6,900,2,201524,44289.5,154389.640625
2,11,23,2,36,900,2,201524,44422.125,154165.96875
2,11,23,3,5,900,2,201524,44696.25,153982.21875
2,11,23,3,36,900,2,201524,44868.25,154084.296875
2,11,23,4,6,900,2,201524,45006.125,154165.515625
2,11,23,4,36,900,2,201524,45126.375,154237.234375
2,11,23,5,5,900,2,201524,45574.375,154501.046875
2,11,23,5,35,900,2,201524,45596.75,154826.78125
2,11,23,6,4,900,2,201524,45742.375,154957.46875
2,11,23,6,33,900,2,201524,46327.75,155303.640625
2,11,23,7,3,900,2,201524,47231.875,155839.1875
2,11,23,7,34,900,2,201524,47421.625,155951.15625
2,11,23,8,3,900,2,201524,47854.25,156268.59375
2,11,23,8,33,900,2,201524,48014.25,156261.484375
2,11,23,9,4,900,2,201524,48014.25,156261.484375
2,11,23,9,33,900,2,201524,48174.0,156253.28125
2,11,23,10,1,900,2,201524,48542.5,156239.96875
2,11,23,10,30,900,2,201524,48662.625,156236.546875
2,11,23,10,58,900,2,201524,48702.625,156000.09375
2,11,23,11,28,900,2,201524,49061.5,156213.53125
2,11,23,11,58,900,2,201524,49401.5,156213.921875
2,11,23,12,27,900,2,201524,49861.5,156206.15625
2,11,23,12,55,900,2,201524,50741.0,156186.34375
2,11,23,12,57,900,2,201524,50761.0,156185.953125
2,11,23,13,24,900,2,201524,51181.25,156176.078125
2,11,23,13,58,900,2,201524,52301.125,156167.421875
2,11,23,14,23,900,2,201524,52301.125,156167.421875
2,11,23,14,54,900,2,201524,52465.125,156166.46875
2,11,23,15,22,900,2,201524,52668.125,156163.6875
2,11,23,15,51,900,2,201524,53227.875,156150.09375
2,11,23,16,22,900,2,201524,54027.625,156136.328125
2,11,23,17,49,900,2,201524,55067.25,156112.203125
2,11,23,18,20,900,2,201524,55387.25,156099.578125
2,11,23,18,50,900,2,201524,55387.25,156099.578125
2,11,23,19,48,900,2,201524,55809.25,156122.96875
2,11,23,20,17,900,2,201524,55841.5,156962.203125
2,11,23,20,46,900,2,201524,55949.25,158019.625
2,11,23,21,15,900,2,201524,56711.375,158063.96875
2,11,23,21,44,900,2,201524,57003.375,157644.734375
2,11,23,22,13,900,2,201524,57185.25,156850.359375
2,11,23,22,41,900,2,201524,57604.875,155735.1875
2,11,23,23,11,900,2,201524,57608.125,155748.625
2,11,23,23,39,900,2,201524,57608.125,155748.625
2,11,23,24,8,900,2,201524,57608.125,155748.625
2,11,23,24,37,900,2,201524,57608.125,155748.625
2,11,23,25,5,900,2,201524,57608.125,155748.625
2,11,23,25,34,900,2,201524,57608.125,155748.625
2,11,23,26,9,900,2,201524,57608.125,155748.625
2,11,23,26,30,900,2,201524,57608.125,155748.625
2,11,23,27,0,900,2,201524,57608.125,155748.625
2,11,23,27,30,900,2,201524,57608.125,155748.625
2,11,23,28,1,900,2,201524,57608.125,155748.625
2,11,23,28,31,900,2,201524,57608.125,155748.625
2,11,23,29,1,900,2,201524,57608.125,155748.625
2,11,23,29,30,900,2,201524,57608.125,155748.625
2,11,23,30,0,900,2,201524,57608.125,155748.625
2,11,23,30,29,900,2,201524,57608.125,155748.625
2,11,23,31,0,900,2,201524,57608.125,155748.625
2,11,23,31,29,900,2,201524,57608.125,155748.625
2,11,23,32,0,900,2,201524,57608.125,155748.625
2,11,23,32,31,900,2,201524,57608.125,155748.625
2,11,23,33,1,900,2,201524,57608.125,155748.625
2,11,23,33,31,900,2,201524,57608.125,155748.625
2,11,23,34,0,900,2,201524,57608.125,155748.625
2,11,23,34,29,900,2,201524,57608.125,155748.625
2,11,23,35,0,900,2,201524,57608.125,155748.625
2,11,23,35,30,900,2,201524,57608.125,155748.625
2,11,23,35,57,900,2,201524,57608.125,155748.625
2,11,23,36,26,900,2,201524,57608.125,155748.625
2,11,23,36,53,900,2,201524,57608.125,155748.625
2,11,23,37,22,900,2,201524,57608.125,155748.625
2,11,23,37,49,900,2,201524,57608.125,155748.625
2,11,23,38,17,900,2,201524,57608.125,155748.625
2,11,23,38,43,900,2,201524,57608.125,155748.625
2,11,23,39,11,900,2,200521,57607.25,155747.546875
2,11,23,39,38,900,2,200521,57607.25,155747.546875
2,11,23,40,4,900,2,200521,57607.25,155747.546875
2,11,23,40,34,900,2,200521,57607.25,155747.546875
2,11,23,41,1,900,2,200521,57607.25,155747.546875
2,11,23,41,28,900,2,200521,57640.75,155728.671875
2,11,23,41,56,900,2,200521,57446.625,156316.421875
2,11,23,42,24,900,2,200521,57043.0,157143.4375
2,11,23,42,50,900,2,200521,56992.0,157827.0
2,11,23,43,18,900,2,200521,56405.875,158069.375
2,11,23,43,46,900,2,200521,55872.0,157795.984375
2,11,23,44,13,900,2,200521,55836.625,156836.78125
2,11,23,44,40,900,2,200521,55811.875,156197.34375
2,11,23,45,6,900,2,200521,55801.125,156084.078125
2,11,23,45,33,900,2,200521,55261.5,156104.875
2,11,23,46,0,900,2,200521,54962.0,156116.03125
2,11,23,46,30,900,2,200521,54962.0,156116.03125
2,11,23,46,54,900,2,200521,54962.0,156116.03125
2,11,23,47,23,900,2,200521,54861.875,156118.65625
2,11,23,47,50,900,2,200521,54342.125,156132.90625
2,11,23,48,16,900,2,200521,54182.0,156134.484375
2,11,23,48,43,900,2,200521,54182.0,156134.484375
2,11,23,49,9,900,2,200521,53542.0,156143.015625
2,11,23,49,9,900,2,200521,53542.0,156143.015625
2,11,23,49,36,900,2,200521,52642.5,156164.171875
2,11,23,50,1,900,2,200521,51722.375,156170.453125
2,11,23,50,28,900,2,200521,50862.625,156183.640625
2,11,23,50,55,900,2,200521,50822.625,156184.40625
2,11,23,51,21,900,2,200521,50342.625,156195.453125
2,11,23,51,48,900,2,200521,49702.875,156209.9375
2,11,23,52,15,900,2,200521,49583.0,156211.875
2,11,23,52,42,900,2,200521,49351.125,156264.140625
2,11,23,53,9,900,2,200521,49347.375,156364.171875
2,11,23,53,36,900,2,200521,49041.625,156213.5625
2,11,23,54,3,900,2,200521,48542.25,156239.96875
2,11,23,54,29,900,2,200521,48082.5,156257.96875
2,11,23,54,55,900,2,200521,48091.625,156257.4375
2,11,23,55,23,900,2,200521,48091.625,156257.4375
2,11,23,55,49,900,2,200521,47902.875,156266.546875
2,11,23,56,15,900,2,200521,47532.125,156016.875
2,11,23,56,41,900,2,200521,46809.125,155588.71875
2,11,23,56,42,900,2,200521,46774.75,155568.578125
2,11,23,57,7,900,2,200521,46482.25,155395.125
2,11,23,57,35,900,2,200521,46241.375,155252.78125
2,11,23,58,0,900,2,200521,46011.5,155116.421875
2,11,23,58,29,900,2,200521,45199.25,154635.671875
2,11,23,58,54,900,2,200521,44648.625,154309.671875
2,11,23,59,21,900,2,200521,44528.125,154238.328125
2,11,23,59,48,900,2,200521,44330.375,154320.625
3,11,0,0,15,900,2,200521,44096.0,154716.671875
3,11,0,0,42,900,2,200521,44045.125,154802.671875
3,11,0,1,11,900,2,200521,44045.125,154802.671875
3,11,0,1,39,900,2,200521,43943.125,154974.671875
3,11,0,2,7,900,2,200005,43810.625,155198.71875
3,11,0,2,35,900,2,200005,43770.0,155267.375
3,11,0,3,2,900,2,200005,43698.625,155387.703125
3,11,0,3,28,900,2,200005,43698.625,155387.703125
3,11,0,3,53,900,2,200005,43596.875,155560.078125
3,11,0,4,19,900,2,200005,43495.125,155732.078125
3,11,0,4,45,900,2,200005,43238.75,156008.171875
3,11,0,5,9,900,2,200005,42913.25,156304.234375
3,11,0,5,36,900,2,200005,42809.75,156398.203125
3,11,0,6,2,900,2,200005,42646.875,156546.234375
3,11,0,6,29,900,2,200005,42144.0,157003.765625
3,11,0,6,54,900,2,200005,41907.25,157219.28125
3,11,0,7,21,900,2,200005,41670.625,157434.453125
3,11,0,7,46,900,2,200005,41182.375,157878.578125
3,11,0,8,13,900,2,200005,40989.875,158053.484375
3,11,0,8,38,900,2,200005,40518.375,158148.515625
3,11,0,9,2,900,2,200005,40276.125,157882.21875
3,11,0,9,27,900,2,200005,40086.125,158004.90625
3,11,0,9,53,900,2,200005,39561.375,158467.3125
3,11,0,10,18,900,2,200005,39537.375,158513.765625
3,11,0,10,43,900,2,200005,39544.5,158793.453125
3,11,0,11,8,900,2,200005,39557.25,159293.390625
3,11,0,11,31,900,2,200005,39577.25,160093.078125
3,11,0,11,58,900,2,200005,39582.875,160312.96875
3,11,0,12,23,900,2,200005,39583.5,160333.015625
3,11,0,12,48,900,2,200005,39587.5,160493.109375
3,11,0,13,13,900,2,200005,39599.0,160952.9375
3,11,0,13,39,900,2,200005,39599.625,160972.984375
3,11,0,14,4,900,2,200005,39428.5,160985.140625
3,11,0,14,30,900,2,200005,39282.375,161177.75
3,11,0,14,55,900,2,200005,39296.875,161737.84375
3,11,0,15,20,900,2,200005,39312.375,162257.4375
3,11,0,15,46,900,2,200005,39334.875,162736.75
3,11,0,16,12,900,2,200005,39331.125,162606.9375
3,11,0,16,38,900,2,200005,39151.875,163494.484375
3,11,0,17,4,900,2,200005,38971.625,163498.796875
3,11,0,17,30,900,2,200005,38112.125,163518.03125
3,11,0,17,55,900,2,200005,37672.125,163527.5
3,11,0,18,20,900,2,200005,37292.25,163536.15625
3,11,0,18,45,900,2,200005,37278.75,163834.140625
3,11,0,19,11,900,2,200005,37311.0,164933.84375
3,11,0,19,36,900,2,200005,37345.0,166113.421875
3,11,0,20,1,900,2,200005,37364.875,166773.015625
3,11,0,20,27,900,2,200005,37379.875,167332.75
3,11,0,20,53,900,2,200005,37060.75,167475.546875
3,11,0,21,18,900,2,200005,37055.5,167475.65625
3,11,0,21,44,900,2,200005,37055.5,167475.65625
3,11,0,22,9,900,2,200005,37055.5,167475.65625
3,11,0,22,34,900,2,200005,37055.5,167475.65625
3,11,0,22,58,900,2,200005,37055.5,167475.65625
3,11,0,23,22,900,2,200005,37055.5,167475.65625
3,11,0,23,47,900,2,200005,37055.5,167475.65625
3,11,0,24,12,900,2,200005,37055.5,167475.65625
3,11,0,24,36,900,2,200005,37055.5,167475.65625
3,11,0,24,59,900,2,200005,37055.5,167475.65625
3,11,0,25,25,900,2,200005,37055.5,167475.65625
3,11,0,25,49,900,2,200005,37055.5,167475.65625
3,11,0,26,38,900,2,200005,37055.5,167475.65625
3,11,0,27,5,900,2,200005,37055.5,167475.65625
3,11,0,27,28,900,2,200005,37055.5,167475.65625
3,11,0,27,52,900,2,200005,37055.5,167475.65625
3,11,0,28,18,900,2,200005,37055.5,167475.65625
3,11,0,28,42,900,2,200005,37055.5,167475.65625
3,11,0,29,6,900,2,200005,37055.5,167475.65625
3,11,0,29,30,900,2,200005,37055.5,167475.65625
3,11,0,29,54,900,2,200005,37055.5,167475.65625
3,11,0,31,8,900,2,200005,37055.5,167475.65625
3,11,0,31,31,900,2,200005,37055.5,167475.65625
3,11,0,31,55,900,2,200005,37055.5,167475.65625
3,11,0,32,21,900,2,200005,37055.5,167475.65625
3,11,0,32,44,900,2,200005,37055.5,167475.65625
3,11,0,33,7,900,2,200005,37055.5,167475.65625
3,11,0,33,30,900,2,200005,37055.5,167475.65625
3,11,0,33,53,900,2,200005,37055.5,167475.65625
3,11,0,34,16,900,2,200005,37055.5,167475.65625
3,11,0,34,40,900,2,200005,37055.5,167475.65625
3,11,0,35,48,900,2,200005,37055.5,167475.65625
3,11,0,36,13,900,2,200005,37055.5,167475.65625
3,11,0,36,36,900,2,200005,37055.5,167475.65625
3,11,0,37,0,900,2,200005,37055.5,167475.65625
3,11,0,37,47,900,2,201012,37055.25,167474.5625
3,11,0,38,11,900,2,201012,37055.25,167474.5625
3,11,0,38,35,900,2,201012,37055.25,167474.5625
3,11,0,38,58,900,2,201012,37055.25,167474.5625
3,11,0,39,21,900,2,201012,37055.25,167474.5625
3,11,0,39,44,900,2,201012,37055.25,167474.5625
3,11,0,40,6,900,2,201012,37054.0,167435.921875
3,11,0,40,29,900,2,201012,37031.125,166655.984375
3,11,0,40,51,900,2,201012,37019.25,166256.359375
3,11,0,41,14,900,2,201012,37193.375,166189.046875
3,11,0,41,36,900,2,201012,37233.625,166188.25
3,11,0,41,59,900,2,201012,37339.0,165900.109375
3,11,0,42,21,900,2,201012,37312.75,165000.578125
3,11,0,42,44,900,2,201012,37284.125,164020.828125
3,11,0,43,6,900,2,201012,37325.5,163535.5
3,11,0,43,29,900,2,201012,38285.125,163514.234375
3,11,0,43,52,900,2,201012,39165.125,163494.234375
3,11,0,44,16,900,2,201012,39349.0,163203.09375
3,11,0,44,38,900,2,201012,39331.625,162623.34375
3,11,0,45,0,900,2,201012,39303.0,161988.359375
3,11,0,45,23,900,2,201012,39284.625,161268.546875
3,11,0,45,45,900,2,201012,39281.25,161148.578125
3,11,0,46,9,900,2,201012,39277.0,160948.734375
3,11,0,46,32,900,2,201012,39268.5,160604.484375
3,11,0,46,55,900,2,201012,39265.75,160504.578125
3,11,0,47,19,900,2,201012,39260.25,160284.6875
3,11,0,47,39,900,2,201012,39257.375,160164.71875
3,11,0,48,1,900,2,201012,39246.125,159724.953125
3,11,0,48,23,900,2,201012,39240.625,159505.0625
3,11,0,48,45,900,2,201012,39223.25,158805.28125
3,11,0,49,7,900,2,201012,39217.25,158565.328125
3,11,0,49,29,900,2,201012,39216.625,158545.28125
3,11,0,49,51,900,2,201012,39221.5,158491.1875
3,11,0,50,13,900,2,201012,39553.875,158471.84375
3,11,0,50,36,900,2,201012,39931.5,158145.140625
3,11,0,50,58,900,2,201012,40242.375,157862.8125
3,11,0,51,20,900,2,201012,40364.375,157979.34375
3,11,0,51,42,900,2,201012,40687.75,158328.6875
3,11,0,52,4,900,2,201012,40968.625,158072.875
3,11,0,52,27,900,2,201012,41279.25,157790.5625
3,11,0,52,49,900,2,201012,41708.5,157400.140625
3,11,0,53,11,900,2,201012,42167.0,156982.875
3,11,0,53,34,900,2,201012,42566.5,156619.6875
3,11,0,53,55,900,2,201012,42818.0,156390.734375
3,11,0,54,18,900,2,201012,43173.125,156067.828125
3,11,0,54,40,900,2,201012,43439.25,155825.484375
3,11,0,55,0,900,2,201012,43450.0,155808.84375
3,11,0,55,24,900,2,201012,43633.25,155498.8125
3,11,0,55,46,900,2,201012,43633.25,155498.8125
3,11,0,56,8,900,2,201012,43653.5,155464.484375
3,11,0,56,31,900,2,201012,43836.875,155154.421875
3,11,0,56,53,900,2,201012,43867.5,155102.75
3,11,0,57,15,900,2,201012,43898.0,155051.078125
3,11,0,57,37,900,2,201012,44132.375,154655.390625
3,11,0,57,58,900,2,201012,44224.0,154500.375
3,11,0,58,20,900,2,201012,44224.0,154500.375
3,11,0,58,41,900,2,201012,44224.0,154500.375
3,11,0,59,3,900,2,201012,44224.0,154500.375
3,11,0,59,23,900,2,201012,44224.0,154500.375
3,11,0,59,44,900,2,201012,44224.0,154500.375
3,11,1,0,5,900,2,201012,44315.5,154345.71875
3,11,1,0,26,900,2,201012,44468.375,154087.359375
3,11,1,0,48,900,2,201012,44509.25,154018.703125
3,11,1,1,9,900,2,201012,44570.375,153915.34375
3,11,1,1,30,900,2,201012,44733.25,153640.0
3,11,1,1,50,900,2,201012,44855.625,153433.3125
3,11,1,2,10,900,2,201012,45090.0,153037.640625
3,11,1,2,33,900,2,201012,45181.625,152882.625
3,11,1,2,53,900,2,201012,45346.5,152603.96875
3,11,1,3,15,900,2,201012,45509.625,152328.625
3,11,1,3,34,900,2,201012,45564.5,152270.28125
3,11,1,3,54,900,2,201012,45626.375,152135.546875
3,11,1,4,15,900,2,201012,45618.375,151775.609375
3,11,1,4,34,900,2,201012,45614.375,151595.453125
3,11,1,5,27,900,2,201012,45613.75,151575.40625
3,11,1,5,49,900,2,201012,46042.25,151275.9375
5,11,7,25,7,900,13,1300001,45446.625,152434.921875
5,11,7,25,8,900,13,1300001,45436.625,152451.90625
5,11,7,26,47,900,13,1300001,45202.25,152847.921875
5,11,7,28,30,900,13,1300001,44601.25,153863.3125
5,11,7,30,12,900,13,1300001,44214.0,154517.359375
5,11,7,31,54,900,13,1300001,43816.875,155188.390625
5,11,7,33,40,900,13,1300001,43480.875,155756.8125
5,11,7,35,26,900,13,1300001,42670.375,156524.984375
5,11,7,37,7,900,13,1300001,42359.75,156807.625
5,11,7,38,48,900,13,1300001,41516.5,157574.65625
5,11,7,40,29,900,13,1300001,40566.625,158201.5625
5,11,7,42,15,900,13,1300001,39813.25,158252.1875
5,11,7,44,8,900,13,1300001,39564.875,159601.890625
5,11,7,46,4,900,13,1300001,39557.75,159317.828125
5,11,7,47,58,900,13,1300001,39599.375,160957.3125
5,11,7,49,52,900,13,1300001,39286.625,161342.203125
5,11,7,52,7,900,13,1300001,39331.125,162606.21875
5,11,7,54,56,900,13,1300001,39292.0,164844.171875
5,11,7,56,38,900,13,1300001,39322.625,165938.8125
5,11,7,58,22,900,13,1300001,38344.25,166428.109375
5,11,8,0,6,900,13,1300001,38393.125,168507.8125
5,11,8,1,55,900,13,1300001,38429.0,170112.390625
5,11,8,3,40,900,13,1301010,38428.75,170113.859375
5,11,8,5,19,900,13,1301010,39183.75,169883.265625
5,11,8,7,3,900,13,1301010,38419.25,169685.359375
5,11,8,8,43,900,13,1301010,38409.0,169245.5625
5,11,8,13,39,900,13,1301010,39293.625,164897.046875
5,11,8,13,39,900,13,1301010,39291.875,164837.234375
5,11,8,15,18,900,13,1301010,39352.0,163298.984375
5,11,8,16,58,900,13,1301010,39326.875,162479.328125
5,11,8,18,38,900,13,1301010,39283.75,161240.46875
5,11,8,20,15,900,13,1301010,39262.875,160380.59375
5,11,8,21,57,900,13,1301010,39225.625,158901.1875
5,11,8,23,33,900,13,1301010,39626.375,158421.890625
5,11,8,25,5,900,13,1301010,40396.625,158014.828125
5,11,8,26,40,900,13,1301010,41359.5,157717.484375
5,11,8,29,36,900,13,1301010,42809.25,156398.578125
5,11,8,31,2,900,13,1301010,43667.875,155440.125
5,11,8,32,33,900,2,201524,44156.75,154614.0625
5,11,8,32,34,900,2,201524,44167.0,154597.078125
5,11,8,34,3,900,2,201524,44533.625,153977.359375
5,11,8,35,30,900,2,201524,45039.5,154185.671875
5,11,8,36,51,900,2,201524,45280.375,154328.375
5,11,8,38,18,900,2,201524,45647.0,154653.234375
5,11,8,39,43,900,2,201524,46068.625,155150.328125
5,11,8,41,10,900,2,201524,46560.75,155441.765625
5,11,8,42,37,900,2,201524,47249.125,155849.4375
5,11,8,44,1,900,2,201524,48141.875,156255.0
5,11,8,45,32,900,2,201524,48481.875,156241.859375
5,11,8,46,46,900,2,201524,48725.625,156014.25
5,11,8,48,7,900,2,201524,49508.5,156212.578125
5,11,8,49,27,900,2,201524,50348.25,156195.34375
5,11,8,50,44,900,2,201524,51968.125,156169.03125
5,11,8,52,3,900,2,201524,53128.0,156152.734375
5,11,8,53,22,900,2,201524,55367.0,156100.328125
5,11,8,54,40,900,2,201524,55837.625,156862.3125
5,11,8,56,0,900,2,201524,56946.625,157931.46875
5,11,8,57,14,900,2,201524,57507.375,156142.34375
5,11,8,58,29,900,2,201524,57608.125,155748.625
5,11,8,59,41,900,2,201524,57608.125,155748.625
5,11,9,1,4,900,2,201524,57608.125,155748.625
5,11,9,2,8,900,2,201524,57608.125,155748.625
5,11,9,3,23,900,2,201524,57608.125,155748.625
5,11,9,4,33,900,2,201524,57608.125,155748.625
5,11,9,5,46,900,2,201524,57608.125,155748.625
5,11,9,6,56,900,2,200521,57607.25,155747.546875
5,11,9,8,10,900,2,200521,57632.0,155710.96875
5,11,9,9,16,900,2,200521,56989.875,157310.4375
5,11,9,10,26,900,2,200521,56305.75,158071.625
5,11,9,11,32,900,2,200521,55858.125,157416.453125
5,11,9,12,41,900,2,200521,55829.5,156656.6875
5,11,9,13,47,900,2,200521,55441.5,156097.09375
5,11,9,14,59,900,2,200521,54182.0,156134.484375
5,11,9,14,59,900,2,200521,54182.0,156134.484375
5,11,9,16,6,900,2,200521,53742.0,156139.9375
5,11,9,17,11,900,2,200521,52602.5,156164.578125
5,11,9,18,20,900,2,200521,52465.375,156166.46875
5,11,9,19,24,900,2,200521,51662.375,156170.875
5,11,9,20,25,900,2,200521,50822.625,156184.40625
5,11,9,21,32,900,2,200521,49702.875,156209.9375
5,11,9,22,37,900,2,200521,49288.375,156344.515625
5,11,9,23,40,900,2,200521,48622.125,156237.703125
5,11,9,24,46,900,2,200521,48022.625,156260.953125
5,11,9,25,51,900,2,200521,47823.0,156269.921875
5,11,9,26,54,900,2,200521,47101.625,155762.171875
5,11,9,27,58,900,2,200521,46637.125,155486.96875
5,11,9,29,0,900,2,200521,46017.75,155120.3125
5,11,9,30,0,900,2,200521,45908.125,155055.3125
5,11,9,31,2,900,2,200521,45211.25,154642.75
5,11,9,32,4,900,2,200521,45091.0,154571.390625
5,11,9,33,6,900,2,200521,44832.875,154418.453125
5,11,9,34,8,900,2,200521,44510.875,154228.078125
5,11,9,35,10,900,2,200521,44350.625,154286.296875
5,11,9,36,10,900,2,200521,44045.125,154802.671875
5,11,9,38,8,900,13,1300009,43668.0,155439.390625
5,11,9,39,8,900,13,1300009,43444.25,155818.453125
5,11,9,40,7,900,13,1300009,42854.125,156357.921875
5,11,9,41,9,900,13,1300009,42158.75,156990.328125
5,11,9,42,11,900,13,1300009,41360.0,157717.109375
5,11,9,43,9,900,13,1300009,40518.375,158148.515625
5,11,9,44,8,900,13,1300009,40012.0,158072.046875
5,11,9,45,11,900,13,1300009,39545.125,158813.5
5,11,9,46,5,900,13,1300009,39575.875,160033.28125
5,11,9,47,5,900,13,1300009,39583.5,160333.015625
5,11,9,48,2,900,13,1300009,39548.25,160982.40625
5,11,9,49,2,900,13,1300009,39368.25,160986.328125
5,11,9,50,1,900,13,1300009,39286.125,161317.765625
5,11,9,51,1,900,13,1300009,39297.875,161777.59375
5,11,9,52,0,900,13,1300009,39344.0,163036.46875
5,11,9,52,57,900,13,1300009,39261.75,163492.3125
5,11,9,53,53,900,13,1300009,39264.625,163845.0625
5,11,9,54,51,900,13,1300009,39300.5,165144.625
5,11,9,55,49,900,13,1300009,39121.125,166151.125
5,11,9,56,46,900,13,1300009,38342.375,166343.875
5,11,9,58,42,900,13,1300009,38411.5,169342.9375
5,11,9,59,38,900,13,1300009,38429.0,170112.03125
5,11,10,0,35,900,13,1300009,38429.0,170112.03125
5,11,10,1,32,900,13,1300009,38429.0,170112.03125
5,11,10,2,27,900,13,1300009,38429.0,170112.03125
5,11,10,4,14,900,13,1300009,38429.0,170112.03125
5,11,10,5,7,900,13,1300009,38429.0,170112.03125
5,11,10,6,1,900,13,1300009,38429.0,170112.03125
5,11,10,6,54,900,13,1300009,38429.0,170112.03125
5,11,10,7,48,900,13,1300009,38429.0,170112.03125
5,11,10,8,42,900,13,1300009,38429.0,170112.03125
5,11,10,9,35,900,13,1300009,38429.0,170112.03125
5,11,10,10,33,900,13,1300009,38429.0,170112.03125
5,11,10,11,29,900,13,1300009,38429.0,170112.03125
5,11,10,12,25,900,13,1300009,38429.0,170112.03125
5,11,10,13,21,900,13,1300009,38429.0,170112.03125
5,11,10,14,18,900,13,1300009,38429.0,170112.03125
5,11,10,15,14,900,13,1300009,38429.0,170112.03125
5,11,10,16,9,900,13,1300009,38429.0,170112.03125
5,11,10,17,6,900,13,1300009,38429.0,170112.03125
5,11,10,18,3,900,13,1301010,38428.75,170113.859375
5,11,10,18,59,900,13,1301010,38428.75,170113.859375
5,11,10,19,54,900,13,1301010,38428.75,170113.859375
5,11,10,20,51,900,13,1301010,38498.25,170239.4375
5,11,10,21,48,900,13,1301010,39112.375,169779.609375
5,11,10,22,45,900,13,1301010,38418.5,169645.609375
5,11,10,23,40,900,13,1301010,38390.5,168385.65625
5,11,10,24,36,900,13,1301010,38360.875,167106.015625
5,11,10,27,22,900,13,1301010,39298.625,165077.171875
5,11,10,28,18,900,13,1301010,39281.375,164457.28125
5,11,10,29,14,900,13,1301010,39262.0,163737.484375
5,11,10,30,8,900,13,1301010,39352.0,163298.984375
5,11,10,31,6,900,13,1301010,39322.875,162419.578125
5,11,10,32,55,900,13,1301010,39274.375,160840.421875
5,11,10,33,50,900,13,1301010,39262.875,160380.59375
5,11,10,34,46,900,13,1301010,39262.875,160380.59375
5,11,10,35,41,900,13,1301010,39244.0,159640.71875
5,11,10,36,36,900,13,1301010,39228.75,159021.15625
5,11,10,37,33,900,13,1301010,39544.125,158478.59375
5,11,10,38,25,900,13,1301010,40342.875,157955.6875
5,11,10,39,19,900,13,1301010,40693.5,158323.09375
5,11,10,40,15,900,13,1301010,40841.625,158188.46875
5,11,10,41,11,900,13,1301010,41359.5,157717.484375
5,11,10,42,5,900,13,1301010,41803.25,157314.0
5,11,10,43,0,900,13,1301010,42350.75,156815.828125
5,11,10,44,1,900,13,1301010,42898.0,156318.03125
5,11,10,44,52,900,13,1301010,43075.375,156156.578125
5,11,10,45,46,900,13,1301010,43238.375,156008.546875
5,11,10,46,40,900,13,1301010,43698.375,155388.4375
5,11,10,47,34,900,13,1301010,43698.375,155388.4375
5,11,10,48,29,900,13,1301010,43922.375,155009.75
5,11,10,49,22,900,13,1301010,44014.125,154854.71875
5,11,10,50,14,900,2,201524,44279.0,154407.734375
5,11,10,51,8,900,2,201524,44695.25,153981.875
5,11,10,52,0,900,2,201524,44970.625,154144.6875
5,11,10,52,52,900,2,201524,45056.75,154195.90625
5,11,10,53,46,900,2,201524,45556.375,154490.453125
5,11,10,54,40,900,2,201524,45592.5,154845.46875
5,11,10,55,33,900,2,201524,46017.0,155119.953125
5,11,10,55,39,900,2,201524,46017.0,155119.953125
5,11,10,55,40,900,2,201524,46017.0,155119.953125
5,11,10,58,12,900,2,201524,46612.5,155472.5
5,11,10,59,5,900,2,201524,46784.625,155574.234375
5,11,10,59,59,900,2,201524,47473.25,155981.90625
5,11,11,0,52,900,2,201524,47739.375,156210.25
5,11,11,1,45,900,2,201524,48073.875,156258.5
5,11,11,2,38,900,2,201524,48089.875,156257.46875
5,11,11,3,32,900,2,201524,48130.125,156255.59375
5,11,11,4,24,900,2,201524,48725.625,156014.25
5,11,11,5,17,900,2,201524,48844.25,156088.578125
5,11,11,6,12,900,2,201524,49548.5,156212.1875
5,11,11,7,6,900,2,201524,49648.375,156210.984375
5,11,11,8,0,900,2,201524,50248.375,156197.625
5,11,11,8,56,900,2,201524,50888.0,156182.796875
5,11,11,9,47,900,2,201524,51647.875,156171.15625
5,11,11,10,41,900,2,201524,52448.125,156166.4375
5,11,11,11,35,900,2,201524,53047.875,156154.984375
5,11,11,12,29,900,2,201524,54087.75,156135.546875
5,11,11,13,23,900,2,201524,55147.375,156109.234375
5,11,11,14,16,900,2,201524,55666.75,156088.453125
5,11,11,15,11,900,2,201524,55848.625,157161.984375
5,11,11,17,2,900,2,201524,56989.875,157304.96875
5,11,11,17,56,900,2,201524,57466.5,156275.546875
5,11,11,18,50,900,2,201524,57608.125,155748.625
5,11,11,19,44,900,2,201524,57608.125,155748.625
5,11,11,20,38,900,2,201524,57608.125,155748.625
5,11,11,21,31,900,2,201524,57608.125,155748.625
5,11,11,22,25,900,2,200521,57607.25,155747.546875
5,11,11,23,22,900,2,200521,57607.25,155747.546875
5,11,11,24,18,900,2,200521,57632.0,155760.9375
5,11,11,25,16,900,2,200521,57420.25,156370.546875
5,11,11,26,10,900,2,200521,57006.125,157710.359375
5,11,11,26,11,900,2,200521,57006.75,157730.40625
5,11,11,26,12,900,2,200521,57006.75,157730.40625
5,11,11,27,5,900,2,200521,56008.625,158063.75
5,11,11,28,1,900,2,200521,55823.25,156497.015625
5,11,11,28,57,900,2,200521,55741.25,156085.9375
5,11,11,29,51,900,2,200521,54442.0,156131.734375
5,11,11,30,45,900,2,200521,54222.25,156134.09375
5,11,11,31,42,900,2,200521,53742.0,156139.9375
5,11,11,32,37,900,2,200521,52682.375,156163.78125
5,11,11,33,33,900,2,200521,52262.375,156167.421875
5,11,11,34,29,900,2,200521,51422.375,156172.546875
5,11,11,35,25,900,2,200521,50842.625,156184.03125
5,11,11,36,1,900,2,200521,50282.625,156196.609375
5,11,11,36,58,900,2,200521,49543.125,156212.28125
5,11,11,37,5,900,2,200521,49543.125,156212.28125
5,11,11,37,9,900,2,200521,49543.125,156212.28125
5,11,11,37,20,900,2,200521,49363.0,156214.296875
5,11,11,37,23,900,2,200521,49351.75,156244.421875
5,11,11,37,30,900,2,200521,49349.125,156324.375
5,11,11,37,37,900,2,200521,49347.375,156364.171875
5,11,11,37,45,900,2,200521,49347.375,156364.171875
5,11,11,37,52,900,2,200521,49347.375,156364.171875
5,11,11,37,59,900,2,200521,49347.375,156364.171875
5,11,11,38,6,900,2,200521,49347.375,156364.171875
5,11,11,38,10,900,2,200521,49347.375,156364.171875
5,11,11,38,17,900,2,200521,49347.375,156364.171875
5,11,11,38,24,900,2,200521,49347.375,156364.171875
5,11,11,38,34,900,2,200521,49341.0,156373.78125
5,11,11,38,41,900,2,200521,49288.375,156344.515625
5,11,11,38,56,900,2,200521,49095.625,156239.140625
5,11,11,39,4,900,2,200521,49021.625,156214.671875
5,11,11,39,11,900,2,200521,48921.875,156221.34375
5,11,11,39,18,900,2,200521,48742.25,156232.828125
5,11,11,39,24,900,2,200521,48562.25,156239.578125
5,11,11,39,32,900,2,200521,48362.25,156245.265625
5,11,11,39,39,900,2,200521,48202.5,156251.640625
5,11,11,39,46,900,2,200521,48082.5,156257.96875
5,11,11,39,54,900,2,200521,48082.5,156257.96875
5,11,11,39,57,900,2,200521,45681.0,154921.09375
5,11,11,39,57,900,2,200521,45681.0,154921.09375
5,11,11,40,1,900,2,200521,45681.0,154921.09375
5,11,11,40,8,900,2,200521,45681.0,154921.09375
5,11,11,40,12,900,2,200521,45681.0,154921.09375
5,11,11,40,19,900,2,200521,45681.0,154921.09375
5,11,11,40,32,900,2,200521,45681.0,154921.09375
5,11,11,40,33,900,2,200521,45681.0,154921.09375
5,11,11,40,40,900,2,200521,45663.75,154910.84375
5,11,11,40,48,900,2,200521,45594.875,154870.234375
5,11,11,40,54,900,2,200521,45526.0,154829.609375
5,11,11,41,2,900,2,200521,45439.5,154779.859375
5,11,11,41,13,900,2,200521,45320.125,154706.65625
5,11,11,41,20,900,2,200521,45251.0,154666.40625
5,11,11,41,30,900,2,200521,45216.25,154645.921875
5,11,11,41,34,900,2,200521,45216.25,154645.921875
5,11,11,41,41,900,2,200521,45216.25,154645.921875
5,11,11,41,49,900,2,200521,45216.25,154645.921875
5,11,11,42,6,900,2,200521,45027.375,154533.953125
5,11,11,42,21,900,2,200521,44751.75,154370.78125
5,11,11,42,28,900,2,200521,44665.875,154319.90625
5,11,11,42,36,900,2,200521,44648.625,154309.671875
5,11,11,42,42,900,2,200521,44648.625,154309.671875
5,11,11,42,46,900,2,200521,44648.625,154309.671875
5,11,11,43,4,900,2,200521,44648.625,154309.671875
5,11,11,43,11,900,2,200521,44648.625,154309.671875
5,11,11,43,14,900,2,200521,44648.625,154309.671875
5,11,11,43,18,900,2,200521,44648.625,154309.671875
5,11,11,43,25,900,2,200521,44648.625,154309.671875
5,11,11,43,58,900,2,200521,44648.625,154309.671875
5,11,11,44,5,900,2,200521,44648.625,154309.671875
5,11,11,44,13,900,2,200521,44648.625,154309.671875
5,11,11,44,19,900,2,200521,44648.625,154309.671875
5,11,11,44,26,900,2,200521,44648.625,154309.671875
5,11,11,44,34,900,2,200521,44648.625,154309.671875
5,11,11,44,41,900,2,200521,44648.625,154309.671875
5,11,11,44,44,900,2,200521,44648.625,154309.671875
5,11,11,44,49,900,2,200521,44648.625,154309.671875
5,11,11,44,56,900,2,200521,44648.625,154309.671875
5,11,11,45,9,900,2,200521,44648.625,154309.671875
5,11,11,45,14,900,2,200521,44648.625,154309.671875
5,11,11,45,18,900,2,200521,44648.625,154309.671875
5,11,11,45,24,900,2,200521,44648.625,154309.671875
5,11,11,45,39,900,2,200521,44648.625,154309.671875
5,11,11,45,43,900,2,200521,44545.375,154248.5625
5,11,11,45,54,900,2,200521,44360.875,154269.3125
5,11,11,46,0,900,2,200521,44299.75,154372.296875
5,11,11,46,8,900,2,200521,44289.5,154389.640625
5,11,11,46,15,900,2,200521,44289.5,154389.640625
5,11,11,46,22,900,2,200521,44289.5,154389.640625
5,11,11,46,25,900,2,200521,44289.5,154389.640625
5,11,11,46,33,900,2,200521,44289.5,154389.640625
5,11,11,46,40,900,2,200521,44289.5,154389.640625
5,11,11,46,47,900,2,200521,44289.5,154389.640625
5,11,11,46,55,900,2,200521,44289.5,154389.640625
5,11,11,47,2,900,2,200521,44289.5,154389.640625
5,11,11,47,9,900,2,200521,44289.5,154389.640625
5,11,11,47,23,900,2,200521,44289.5,154389.640625
5,11,11,47,31,900,2,200521,44289.5,154389.640625
5,11,11,47,34,900,2,200521,44289.5,154389.640625
5,11,11,47,41,900,2,200521,44289.5,154389.640625
5,11,11,47,48,900,2,200521,44289.5,154389.640625
5,11,11,47,55,900,2,200521,44289.5,154389.640625
5,11,11,48,14,900,2,200521,44289.5,154389.640625
5,11,11,48,35,900,2,200521,44157.125,154613.328125
5,11,11,48,38,900,2,200521,44106.375,154699.328125
5,11,11,48,42,900,2,200521,44065.5,154768.34375
5,11,11,48,49,900,2,200521,44045.125,154802.671875
5,11,11,48,56,900,2,200521,44045.125,154802.671875
5,11,11,49,3,900,2,200521,44045.125,154802.671875
5,11,11,49,7,900,2,200521,46286.75,155279.625
5,11,11,49,15,900,2,200521,46286.75,155279.625
5,11,11,49,22,900,2,200521,46286.75,155279.625
5,11,11,49,26,900,2,200521,46286.75,155279.625
5,11,11,49,39,900,2,200521,46286.75,155279.625
5,11,11,49,50,900,2,200521,46286.75,155279.625
5,11,11,50,4,900,2,200521,46286.75,155279.625
5,11,11,50,18,900,2,200521,46286.75,155279.625
5,11,11,50,37,900,2,200521,46286.75,155279.625
5,11,11,50,37,900,2,200521,46286.75,155279.625
5,11,11,53,16,900,2,200005,43698.625,155387.703125
5,11,11,53,27,900,2,200005,43698.625,155387.703125
5,11,11,53,47,900,2,200005,43698.625,155387.703125
5,11,11,54,20,900,2,200005,43698.625,155387.703125
5,11,11,54,47,900,2,200005,43698.625,155387.703125
5,11,11,55,2,900,2,200005,43678.375,155422.40625
5,11,11,56,41,900,2,200005,42854.125,156357.921875
5,11,11,57,3,900,2,200005,42854.125,156357.921875
5,11,11,57,17,900,2,200005,42854.125,156357.921875
5,11,11,57,50,900,2,200005,42854.125,156357.921875
5,11,11,58,7,900,2,200005,42854.125,156357.921875
5,11,11,58,24,900,2,200005,42854.125,156357.921875
5,11,11,58,31,900,2,200005,42809.75,156398.203125
5,11,11,58,56,900,2,200005,42750.625,156452.265625
5,11,11,59,11,900,2,200005,42750.625,156452.265625
5,11,11,59,28,900,2,200005,42750.625,156452.265625
5,11,12,0,39,900,2,200005,42750.625,156452.265625
5,11,12,0,53,900,2,200005,42750.625,156452.265625
5,11,12,1,8,900,2,200005,42750.625,156452.265625
5,11,12,1,37,900,2,200005,42706.25,156492.53125
5,11,12,1,55,900,2,200005,42602.5,156586.5
5,11,12,2,19,900,2,200005,42543.375,156640.5625
5,11,12,2,34,900,2,200005,42543.375,156640.5625
5,11,12,2,47,900,2,200005,42543.375,156640.5625
5,11,12,3,4,900,2,200005,42543.375,156640.5625
5,11,12,3,12,900,2,200005,42543.375,156640.5625
5,11,12,3,22,900,2,200005,42543.375,156640.5625
5,11,12,3,41,900,2,200005,42543.375,156640.5625
5,11,12,3,57,900,2,200005,42543.375,156640.5625
5,11,12,4,11,900,2,200005,42543.375,156640.5625
5,11,12,4,32,900,2,200005,42543.375,156640.5625
5,11,12,5,30,900,2,200005,42543.375,156640.5625
5,11,12,5,50,900,2,200005,42543.375,156640.5625
5,11,12,6,13,900,2,200005,42543.375,156640.5625
5,11,12,6,26,900,2,200005,42543.375,156640.5625
5,11,12,6,44,900,2,200005,42543.375,156640.5625
5,11,12,6,59,900,2,200005,42543.375,156640.5625
5,11,12,7,21,900,2,200005,42543.375,156640.5625
5,11,12,7,31,900,2,200005,42543.375,156640.5625
5,11,12,7,45,900,2,200005,42543.375,156640.5625
5,11,12,7,56,900,2,200005,42543.375,156640.5625
5,11,12,8,21,900,2,200005,42543.375,156640.5625
5,11,12,8,35,900,2,200005,42543.375,156640.5625
5,11,12,8,49,900,2,200005,42543.375,156640.5625
5,11,12,9,25,900,2,200005,42543.375,156640.5625
5,11,12,9,31,900,2,200005,42543.375,156640.5625
5,11,12,9,52,900,2,200005,42543.375,156640.5625
5,11,12,10,11,900,2,200005,42543.375,156640.5625
5,11,12,10,26,900,2,200005,42543.375,156640.5625
5,11,12,10,43,900,2,200005,42543.375,156640.5625
5,11,12,10,57,900,2,200005,42543.375,156640.5625
5,11,12,11,21,900,2,200005,42543.375,156640.5625
5,11,12,11,36,900,2,200005,42543.375,156640.5625
5,11,12,11,43,900,2,200005,42543.375,156640.5625
5,11,12,11,56,900,2,200005,42543.375,156640.5625
5,11,12,12,8,900,2,200005,42543.375,156640.5625
5,11,12,12,23,900,2,200005,42543.375,156640.5625
5,11,12,12,51,900,2,200005,42543.375,156640.5625
5,11,12,13,8,900,2,200005,42543.375,156640.5625
5,11,12,13,21,900,2,200005,42543.375,156640.5625
5,11,12,13,42,900,2,200005,42425.125,156748.328125
5,11,12,13,54,900,2,200005,42277.0,156882.578125
5,11,12,14,15,900,2,200005,42217.875,156936.640625
5,11,12,14,28,900,2,200005,42217.875,156936.640625
5,11,12,14,35,900,2,200005,42188.375,156963.484375
5,11,12,15,1,900,2,200005,41848.125,157272.984375
5,11,12,15,11,900,2,200005,41744.625,157367.328125
5,11,12,15,29,900,2,200005,41567.0,157528.796875
5,11,12,15,43,900,2,200005,41567.0,157528.796875
5,11,12,15,58,900,2,200005,41567.0,157528.796875
5,11,12,16,11,900,2,200005,41507.75,157582.5
5,11,12,16,29,900,2,200005,41330.375,157743.953125
5,11,12,16,40,900,2,200005,41138.0,157918.859375
5,11,12,17,5,900,2,200005,40945.625,158094.125
5,11,12,17,23,900,2,200005,40930.75,158107.546875
5,11,12,17,41,900,2,200005,40930.75,158107.546875
5,11,12,17,58,900,2,200005,40753.375,158269.015625
5,11,12,18,10,900,2,200005,40639.5,158281.84375
5,11,12,18,16,900,2,200005,40518.375,158148.515625
5,11,12,18,38,900,2,200005,40086.125,158004.90625
5,11,12,18,52,900,2,200005,39760.125,158300.296875
5,11,12,19,25,900,2,200005,39538.5,158553.5
5,11,12,19,53,900,2,200005,39563.25,159533.328125
5,11,12,20,0,900,2,200005,39569.875,159793.328125
5,11,12,20,28,900,2,200005,39578.375,160133.1875
5,11,12,20,49,900,2,200005,39585.0,160393.1875
5,11,12,21,3,900,2,200005,39588.125,160513.15625
5,11,12,21,15,900,2,200005,39590.5,160613.078125
5,11,12,21,24,900,2,200005,39596.5,160853.015625
5,11,12,21,42,900,2,200005,39388.25,160985.9375
5,11,12,22,0,900,2,200005,39388.25,160985.9375
5,11,12,22,24,900,2,200005,39283.75,161237.90625
5,11,12,22,43,900,2,200005,39296.875,161737.84375
5,11,12,23,4,900,2,200005,39312.375,162257.4375
5,11,12,23,26,900,2,200005,39334.25,162716.6875
5,11,12,23,43,900,2,200005,39344.0,163036.46875
5,11,12,23,54,900,2,200005,39347.0,163136.734375
5,11,12,24,11,900,2,200005,39354.875,163396.34375
5,11,12,24,30,900,2,200005,39311.875,163491.328125
5,11,12,24,32,900,2,200005,39311.875,163491.328125
5,11,12,24,58,900,2,200005,39311.875,163491.328125
5,11,12,25,1,900,2,200005,39311.875,163491.328125
5,11,12,25,23,900,2,200005,39211.75,163493.3125
5,11,12,25,41,900,2,200005,37055.5,167475.65625
5,11,12,25,42,900,2,200005,37055.5,167475.65625
5,11,12,26,17,900,2,200005,37055.5,167475.65625
5,11,12,26,24,900,2,200005,37055.5,167475.65625
5,11,12,26,46,900,2,200005,37055.5,167475.65625
5,11,12,27,3,900,2,200005,37055.5,167475.65625
5,11,12,27,25,900,2,200005,37055.5,167475.65625
5,11,12,27,45,900,2,200005,37055.5,167475.65625
5,11,12,28,8,900,2,200005,37055.5,167475.65625
5,11,12,28,22,900,2,200005,37055.5,167475.65625
5,11,12,28,39,900,2,200005,37055.5,167475.65625
5,11,12,28,57,900,2,200005,37055.5,167475.65625
5,11,12,29,11,900,2,200005,37055.5,167475.65625
5,11,12,29,25,900,2,200005,37055.5,167475.65625
5,11,12,30,7,900,2,200005,37055.5,167475.65625
5,11,12,30,32,900,2,200005,37055.5,167475.65625
5,11,12,30,49,900,2,200005,37055.5,167475.65625
5,11,12,31,10,900,2,200005,37055.5,167475.65625
5,11,12,31,18,900,2,200005,37055.5,167475.65625
5,11,12,31,25,900,2,200005,37055.5,167475.65625
5,11,12,31,36,900,2,200005,37055.5,167475.65625
5,11,12,31,43,900,2,200005,37055.5,167475.65625
5,11,12,31,54,900,2,200005,37055.5,167475.65625
5,11,12,32,1,900,2,200005,37055.5,167475.65625
5,11,12,32,11,900,2,200005,37055.5,167475.65625
5,11,12,32,25,900,2,200005,37055.5,167475.65625
5,11,12,32,44,900,2,200005,37055.5,167475.65625
5,11,12,33,1,900,2,200005,37055.5,167475.65625
5,11,12,33,12,900,2,200005,37055.5,167475.65625
5,11,12,33,28,900,2,200005,37055.5,167475.65625
5,11,12,33,53,900,2,200005,37055.5,167475.65625
5,11,12,34,14,900,2,200005,37055.5,167475.65625
5,11,12,34,25,900,2,200005,37055.5,167475.65625
5,11,12,34,33,900,2,200005,37055.5,167475.65625
5,11,12,34,54,900,2,200005,37055.5,167475.65625
5,11,12,35,15,900,2,201011,37055.25,167474.5625
5,11,12,35,30,900,2,201011,37055.25,167474.5625
5,11,12,35,43,900,2,201011,37055.25,167474.5625
5,11,12,35,54,900,2,201011,37055.25,167474.5625
5,11,12,36,5,900,2,201011,37054.0,167435.921875
5,11,12,36,16,900,2,201011,37054.0,167435.921875
5,11,12,36,22,900,2,201011,37054.0,167435.921875
5,11,12,36,32,900,2,201011,37054.0,167435.921875
5,11,12,36,47,900,2,201011,37050.375,167315.953125
5,11,12,37,15,900,2,201011,37048.75,167255.796875
5,11,12,37,30,900,2,201011,37048.75,167255.796875
5,11,12,37,40,900,2,201011,37048.75,167255.796875
5,11,12,37,54,900,2,201011,37044.0,167095.71875
5,11,12,38,6,900,2,201011,37041.75,167015.875
5,11,12,38,37,900,2,201011,37023.25,166396.015625
5,11,12,38,54,900,2,201011,37253.5,166187.84375
5,11,12,39,2,900,2,201011,37344.375,166079.875
5,11,12,39,22,900,2,201011,37330.375,165600.015625
5,11,12,39,55,900,2,201011,37330.375,165600.015625
5,11,12,40,19,900,2,201011,37327.0,165480.0625
5,11,12,40,33,900,2,201011,37321.75,165300.296875
5,11,12,40,47,900,2,201011,37321.75,165300.296875
5,11,12,41,26,900,2,201011,37297.75,164480.609375
5,11,12,41,54,900,2,201011,37288.75,164180.890625
5,11,12,42,24,900,2,201011,37272.5,163620.828125
5,11,12,42,31,900,2,201011,37270.75,163561.03125
5,11,12,42,41,900,2,201011,37405.625,163533.53125
5,11,12,42,48,900,2,201011,37565.375,163530.0
5,11,12,42,58,900,2,201011,37805.5,163524.484375
5,11,12,43,21,900,2,201011,38325.375,163513.4375
5,11,12,43,39,900,2,201011,39005.25,163498.125
5,11,12,44,3,900,2,201011,39345.125,163490.671875
5,11,12,44,15,900,2,201011,39349.0,163203.09375
5,11,12,44,22,900,2,201011,39344.75,163063.078125
5,11,12,44,29,900,2,201011,39343.5,163023.34375
5,11,12,44,36,900,2,201011,39342.875,163003.28125
5,11,12,44,43,900,2,201011,39342.875,163003.28125
5,11,12,44,46,900,2,201011,39342.5,162983.234375
5,11,12,44,53,900,2,201011,39338.625,162863.265625
5,11,12,44,57,900,2,201011,39337.625,162823.53125
5,11,12,45,5,900,2,201011,39335.625,162763.359375
5,11,12,45,15,900,2,201011,39330.375,162583.609375
5,11,12,45,18,900,2,201011,39328.75,162523.4375
5,11,12,45,23,900,2,201011,39325.75,162463.671875
5,11,12,45,32,900,2,201011,39324.625,162443.625
5,11,12,45,39,900,2,201011,39324.625,162443.625
5,11,12,45,43,900,2,201011,39324.625,162443.625
5,11,12,45,50,900,2,201011,39320.5,162383.875
5,11,12,45,54,900,2,201011,39320.5,162383.875
5,11,12,46,1,900,2,201011,43054.875,156175.59375
5,11,12,46,5,900,2,201011,43054.875,156175.59375
5,11,12,46,13,900,2,201011,43054.875,156175.59375
5,11,12,46,15,900,2,201011,43054.875,156175.59375
5,11,12,46,19,900,2,201011,43054.875,156175.59375
5,11,12,46,26,900,2,201011,43054.875,156175.59375
5,11,12,46,30,900,2,201011,43054.875,156175.59375
5,11,12,46,40,900,2,201011,43054.875,156175.59375
5,11,12,46,44,900,2,201011,43054.875,156175.59375
5,11,12,46,51,900,2,201011,43054.875,156175.59375
5,11,12,46,55,900,2,201011,43054.875,156175.59375
5,11,12,46,59,900,2,201011,43054.875,156175.59375
5,11,12,47,6,900,2,201011,43054.875,156175.59375
5,11,12,47,21,900,2,201011,43054.875,156175.59375
5,11,12,47,23,900,2,201011,43054.875,156175.59375
5,11,12,47,27,900,2,201011,43054.875,156175.59375
5,11,12,47,37,900,2,201011,43054.875,156175.59375
5,11,12,47,52,900,2,201011,43054.875,156175.59375
5,11,12,47,59,900,2,201011,43054.875,156175.59375
5,11,12,48,17,900,2,201011,43054.875,156175.59375
5,11,12,48,40,900,2,201011,43054.875,156175.59375
5,11,12,48,47,900,2,201011,43054.875,156175.59375
5,11,12,49,8,900,2,201011,43054.875,156175.59375
5,11,12,49,31,900,2,201011,43054.875,156175.59375
5,11,12,49,39,900,2,201011,43054.875,156175.59375
5,11,12,49,49,900,2,201011,43054.875,156175.59375
5,11,12,50,4,900,2,201011,43054.875,156175.59375
5,11,12,50,11,900,2,201011,43054.875,156175.59375
5,11,12,50,28,900,2,201011,43054.875,156175.59375
5,11,12,50,36,900,2,201011,43054.875,156175.59375
5,11,12,50,43,900,2,201011,43054.875,156175.59375
5,11,12,50,52,900,2,201011,43054.875,156175.59375
5,11,12,50,57,900,2,201011,43054.875,156175.59375
5,11,12,51,7,900,2,201011,43054.875,156175.59375
5,11,12,51,14,900,2,201011,43084.125,156148.375
5,11,12,51,25,900,2,201011,43202.75,156040.984375
5,11,12,51,36,900,2,201011,43365.375,155892.96875
5,11,12,51,45,900,2,201011,43365.375,155892.96875
5,11,12,51,56,900,2,201011,43365.375,155892.96875
5,11,12,52,3,900,2,201011,43365.375,155892.96875
5,11,12,52,13,900,2,201011,43365.375,155892.96875
5,11,12,52,38,900,2,201011,43612.625,155533.140625
5,11,12,52,38,900,2,201011,43612.625,155533.140625
5,11,12,52,46,900,2,201011,43673.75,155429.78125
5,11,12,52,53,900,2,201011,43765.5,155275.125
5,11,12,53,0,900,2,201011,43796.125,155223.453125
5,11,12,53,3,900,2,201011,43796.125,155223.453125
5,11,12,53,7,900,2,201011,43796.125,155223.453125
5,11,12,53,10,900,2,201011,43796.125,155223.453125
5,11,12,53,15,900,2,201011,43806.375,155206.109375
5,11,12,53,22,900,2,201011,43867.5,155102.75
5,11,12,53,26,900,2,201011,43908.125,155034.109375
5,11,12,53,30,900,2,201011,43979.5,154913.40625
5,11,12,53,32,900,2,201011,39270.625,160684.71875
5,11,12,53,36,900,2,201011,39268.875,160624.546875
5,11,12,53,40,900,2,201011,39267.5,160564.75
5,11,12,53,49,900,2,201011,39263.375,160404.65625
5,11,12,53,51,900,2,201011,39261.5,160324.796875
5,11,12,53,53,900,2,201011,39260.25,160284.6875
5,11,12,53,57,900,2,201011,39259.75,160264.640625
5,11,12,54,0,900,2,201011,39259.75,160264.640625
5,11,12,54,4,900,2,201011,39259.75,160264.640625
5,11,12,54,11,900,2,201011,39259.75,160264.640625
5,11,12,54,14,900,2,201011,39259.75,160264.640625
5,11,12,54,19,900,2,201011,39259.75,160264.640625
5,11,12,54,21,900,2,201011,39258.125,160204.828125
5,11,12,54,25,900,2,201011,39256.25,160124.96875
5,11,12,54,32,900,2,201011,39251.375,159924.78125
5,11,12,54,35,900,2,201011,39249.0,159844.921875
5,11,12,54,42,900,2,201011,39247.25,159765.0625
5,11,12,54,46,900,2,201011,39247.25,159765.0625
5,11,12,54,53,900,2,201011,39247.25,159765.0625
5,11,12,54,58,900,2,201011,39246.125,159724.953125
5,11,12,55,0,900,2,201011,39245.5,159704.890625
5,11,12,55,8,900,2,201011,39245.5,159704.890625
5,11,12,55,11,900,2,201011,39245.5,159704.890625
5,11,12,55,15,900,2,201011,39245.5,159704.890625
5,11,12,55,18,900,2,201011,39245.5,159704.890625
5,11,12,55,25,900,2,201011,39243.625,159625.03125
5,11,12,55,29,900,2,201011,39241.625,159545.171875
5,11,12,55,33,900,2,201011,39239.125,159444.890625
5,11,12,55,40,900,2,201011,39235.25,159285.171875
5,11,12,55,43,900,2,201011,39233.75,159225.0
5,11,12,55,50,900,2,201011,39230.625,159105.03125
5,11,12,55,53,900,2,201011,39230.25,159084.96875
5,11,12,55,57,900,2,201011,39230.25,159084.96875
5,11,12,56,5,900,2,201011,39230.25,159084.96875
5,11,12,56,12,900,2,201011,39229.625,159065.28125
5,11,12,56,16,900,2,201011,39229.25,159045.21875
5,11,12,56,18,900,2,201011,39227.75,158985.046875
5,11,12,56,22,900,2,201011,39226.375,158925.25
5,11,12,56,31,900,2,201011,39221.875,158745.109375
5,11,12,56,37,900,2,201011,39220.75,158705.359375
5,11,12,56,44,900,2,201011,39220.75,158705.359375
5,11,12,56,47,900,2,201011,39220.75,158705.359375
5,11,12,56,51,900,2,201011,39220.75,158705.359375
5,11,12,56,58,900,2,201011,39220.75,158705.359375
5,11,12,57,1,900,2,201011,39220.75,158705.359375
5,11,12,57,6,900,2,201011,39220.75,158705.359375
5,11,12,57,8,900,2,201011,39219.375,158645.1875
5,11,12,57,13,900,2,201011,39216.625,158545.28125
5,11,12,57,20,900,2,201011,39381.5,158487.296875
5,11,12,57,23,900,2,201011,39441.375,158485.734375
5,11,12,57,27,900,2,201524,45622.125,154720.84375
5,11,12,57,38,900,2,201524,45598.875,154817.984375
5,11,12,57,40,900,2,201524,45594.25,154837.40625
5,11,12,57,47,900,2,201524,45594.25,154837.40625
5,11,12,57,51,900,2,201524,45594.25,154837.40625
5,11,12,57,54,900,2,201524,45594.25,154837.40625
5,11,12,58,2,900,2,201524,45594.25,154837.40625
5,11,12,58,5,900,2,201524,45594.25,154837.40625
5,11,12,58,8,900,2,201524,45594.25,154837.40625
5,11,12,58,15,900,2,201524,45589.5,154857.203125
5,11,12,58,23,900,2,201524,45734.625,154952.875
5,11,12,58,26,900,2,201524,45803.625,154993.5
5,11,12,58,33,900,2,201524,45958.5,155085.34375
5,11,12,58,37,900,2,201524,46010.25,155115.703125
5,11,12,58,42,900,2,201524,46061.625,155146.453125
5,11,12,58,44,900,2,201524,46096.375,155166.578125
5,11,12,58,55,900,2,201524,46216.625,155237.9375
5,11,12,58,58,900,2,201524,46233.875,155248.171875
5,11,12,59,12,900,2,201524,46354.375,155319.53125
5,11,12,59,16,900,2,201524,46371.375,155329.78125
5,11,12,59,26,900,2,201524,46457.75,155380.640625
5,11,12,59,31,900,2,201524,46457.75,155380.640625
5,11,12,59,34,900,2,201524,46457.75,155380.640625
5,11,12,59,38,900,2,201524,46457.75,155380.640625
5,11,12,59,45,900,2,201524,46491.875,155401.140625
5,11,12,59,55,900,2,201524,46595.25,155462.25
5,11,13,0,6,900,2,201524,46750.25,155553.734375
5,11,13,0,9,900,2,201524,46801.625,155584.484375
5,11,13,0,20,900,2,201524,46939.375,155666.078125
5,11,13,0,28,900,2,201524,47094.375,155757.578125
5,11,13,0,31,900,2,201524,47146.125,155788.3125
5,11,13,0,34,900,2,201524,47197.75,155818.6875
5,11,13,0,38,900,2,201524,47231.875,155839.1875
5,11,13,0,42,900,2,201524,47231.875,155839.1875
5,11,13,1,22,900,2,201524,47369.625,155920.796875
5,11,13,2,18,900,2,201524,48700.25,156063.625
5,11,13,3,16,900,2,201524,49792.375,156207.84375
