date,month,hour,minute,second,index,unknown1,unknown2,x,y
8,11,4,50,32,903,36,3601317,46601.625,151263.609375
8,11,4,50,56,903,36,3601317,47081.375,151253.21875
8,11,4,51,20,903,36,3601317,47121.625,151252.4375
8,11,4,51,45,903,36,3601317,47641.375,151242.734375
8,11,4,52,10,903,36,3601317,48121.125,151234.921875
8,11,4,52,35,903,36,3601317,48700.75,151221.546875
8,11,4,53,0,903,36,3601317,48781.0,151220.0
8,11,4,53,25,903,36,3601317,48818.75,150865.375
8,11,4,53,50,903,36,3601317,48786.25,149705.828125
8,11,4,54,17,903,36,3601317,49298.5,149070.640625
8,11,4,55,8,903,36,3601317,49334.5,147285.171875
8,11,4,55,35,903,36,3601317,49365.5,146473.1875
8,11,4,56,2,903,36,3601317,49337.25,145353.6875
8,11,4,56,29,903,36,3601317,49441.0,144745.34375
8,11,4,56,56,903,36,3601317,49882.75,144007.546875
8,11,4,57,23,903,36,3601317,50088.0,143664.3125
8,11,4,57,50,903,36,3601317,50578.5,142682.984375
8,11,4,58,18,903,36,3601317,50802.625,141483.484375
8,11,4,58,45,903,36,3601317,50884.625,140866.078125
8,11,4,59,13,903,36,3601317,51108.25,139666.59375
8,11,4,59,41,903,36,3601317,51343.25,138408.171875
8,11,5,0,37,903,36,3601317,51698.125,136474.703125
8,11,5,1,5,903,36,3601317,51883.625,135491.953125
8,11,5,2,2,903,36,3601317,52189.75,133860.40625
8,11,5,2,31,903,36,3601317,52406.5,132700.484375
8,11,5,2,58,903,36,3601317,52582.375,131756.953125
8,11,5,3,27,903,36,3601317,52725.0,130969.84375
8,11,5,4,33,903,36,3601317,53694.875,128986.40625
8,11,5,4,56,903,36,3601317,53945.25,128730.640625
8,11,5,5,26,903,36,3601317,54340.75,128388.59375
8,11,5,5,57,903,36,3601317,54153.75,128609.21875
8,11,5,6,27,903,36,3601317,53620.75,129152.359375
8,11,5,6,27,903,36,3601317,53620.75,129152.359375
8,11,5,6,57,903,36,3601317,53620.75,129152.359375
8,11,5,7,28,903,36,3601317,53620.75,129152.359375
8,11,5,7,59,903,36,3601317,53620.75,129152.359375
8,11,5,8,31,903,36,3600318,53619.5,129153.46875
8,11,5,9,3,903,36,3600318,53619.5,129153.46875
8,11,5,9,36,903,36,3600318,53301.25,129483.859375
8,11,5,10,9,903,36,3600318,52981.875,130010.1875
8,11,5,11,17,903,36,3600318,52682.625,131571.171875
8,11,5,11,18,903,36,3600318,52678.75,131590.9375
8,11,5,11,50,903,36,3600318,52605.75,131984.171875
8,11,5,12,24,903,36,3600318,52477.125,132672.140625
8,11,5,13,37,903,36,3600318,52091.875,134736.78125
8,11,5,14,13,903,36,3600318,52043.875,134991.984375
8,11,5,15,28,903,36,3600318,51739.625,136603.796875
8,11,5,16,5,903,36,3600318,51540.0,137685.328125
8,11,5,16,44,903,36,3600318,51358.0,138668.75
8,11,5,17,23,903,36,3600318,51106.75,140025.625
8,11,5,18,2,903,36,3600318,50846.25,141248.421875
8,11,5,18,40,903,36,3600318,50780.5,141602.484375
8,11,5,19,20,903,36,3600318,50622.875,142447.90625
8,11,5,20,0,903,36,3600318,50224.625,143436.578125
8,11,5,20,41,903,36,3600318,49824.0,144105.71875
8,11,5,21,20,903,36,3600318,49978.75,143846.640625
8,11,5,22,0,903,36,3600318,49371.75,144860.875
8,11,5,22,39,903,36,3600318,49341.875,145528.359375
8,11,5,23,20,903,36,3600318,49365.0,146448.03125
8,11,5,24,1,903,36,3600318,48961.375,147293.828125
8,11,5,24,42,903,36,3600318,48941.5,147294.203125
8,11,5,26,8,903,36,3600318,48756.0,148274.8125
8,11,5,26,52,903,36,3600318,48838.25,149544.296875
8,11,5,27,37,903,36,3600318,48787.0,149729.171875
8,11,5,28,20,903,36,3600318,48797.5,151219.671875
8,11,5,29,5,903,36,3600318,48699.5,151221.203125
8,11,5,29,49,903,36,3600318,48699.5,151221.203125
8,11,5,30,34,903,36,3600318,48659.625,151221.96875
8,11,5,31,18,903,36,3600318,47560.125,151242.84375
8,11,5,32,4,903,36,3600318,46820.125,151259.0
8,11,5,32,49,903,36,3600318,46020.5,151276.359375
8,11,5,33,35,903,36,3600318,45935.75,151547.609375
8,11,5,34,22,903,36,3600318,45705.125,152149.703125
8,11,5,35,8,903,36,3600318,45688.5,152160.96875
8,11,5,35,56,903,36,3600318,45288.75,152701.765625
8,11,5,36,44,903,36,3600318,45084.875,153046.125
8,11,5,37,33,903,36,3600318,44960.25,153256.875
8,11,5,38,23,903,36,3600318,44644.25,153790.234375
8,11,5,39,13,903,36,3600318,44440.5,154134.59375
8,11,5,40,4,903,36,3600318,44073.875,154754.3125
8,11,5,40,54,903,36,3600318,44063.5,154771.296875
8,11,5,41,46,903,36,3600318,43828.25,155168.828125
8,11,5,42,39,903,36,3600318,43828.25,155168.828125
8,11,5,43,33,903,1,100007,43827.625,155170.296875
8,11,5,44,26,903,1,100007,43827.625,155170.296875
8,11,5,45,20,903,1,100007,43756.625,155289.890625
8,11,5,46,16,903,1,100007,43145.75,156092.8125
8,11,5,47,13,903,1,100007,42938.5,156281.125
8,11,5,48,10,903,1,100007,42154.375,156994.4375
8,11,5,49,7,903,1,100007,41385.125,157694.359375
8,11,5,50,6,903,1,100007,40581.75,158218.046875
8,11,5,51,4,903,1,100007,39622.25,158425.609375
8,11,5,52,4,903,1,100007,39563.375,159539.171875
8,11,5,53,4,903,1,100007,39587.75,160498.9375
8,11,5,54,5,903,1,100007,38627.375,160737.234375
8,11,5,55,6,903,1,100007,38013.5,161480.90625
8,11,5,56,10,903,1,100007,36452.5,162444.15625
8,11,5,57,13,903,1,100007,35986.625,164815.046875
8,11,5,58,17,903,1,100007,36075.375,167386.84375
8,11,5,59,23,903,1,100007,36301.875,168465.90625
8,11,6,0,29,903,1,100007,36263.625,168491.84375
8,11,6,1,37,903,1,100007,36263.625,168491.84375
8,11,6,3,50,903,1,100007,36263.625,168491.84375
8,11,6,4,57,903,1,100007,36263.625,168491.84375
8,11,6,6,9,903,1,100007,36263.625,168491.84375
8,11,6,9,43,903,1,101018,36262.875,168491.125
8,11,6,10,55,903,1,101018,36083.625,167375.015625
8,11,6,12,7,903,1,101018,35992.25,165015.234375
8,11,6,13,19,903,1,101018,35981.875,163183.21875
8,11,6,14,40,903,1,101018,36564.375,162145.296875
8,11,6,15,47,903,1,101018,37677.25,161489.421875
8,11,6,17,4,903,1,101018,38802.5,161094.953125
8,11,6,18,23,903,1,101018,39265.75,160500.5625
8,11,6,20,4,903,1,101018,39249.625,159864.96875
8,11,6,21,8,903,1,101018,39461.375,158485.34375
8,11,6,22,30,903,1,101018,40582.5,158219.125
8,11,6,25,19,903,1,101018,42865.25,156347.859375
8,11,6,26,44,903,1,101018,43335.75,155919.8125
8,11,6,28,11,903,1,101018,43714.625,155361.125
8,11,6,29,38,903,36,3601320,44105.875,154700.0625
8,11,6,31,4,903,36,3601320,44411.375,154184.0625
8,11,6,32,33,903,36,3601320,44890.25,153375.0
8,11,6,34,5,903,36,3601320,45185.75,152875.984375
8,11,6,35,44,903,36,3601320,45509.625,152328.625
8,11,6,37,3,903,36,3601320,45687.25,151395.9375
8,11,6,38,31,903,36,3601320,46346.125,151269.296875
8,11,6,40,0,903,36,3601320,47265.625,151249.28125
8,11,6,41,28,903,36,3601320,48825.5,151161.125
8,11,6,42,59,903,36,3601320,48814.375,150625.03125
8,11,6,44,31,903,36,3601320,49367.125,148864.28125
8,11,6,47,42,903,36,3601320,49934.25,143921.1875
8,11,6,47,43,903,36,3601320,49954.5,143886.859375
8,11,6,49,21,903,36,3601320,50798.75,141502.890625
8,11,6,50,56,903,36,3601320,51453.125,137818.328125
8,11,6,54,7,903,36,3601320,52471.25,132352.296875
8,11,6,55,45,903,36,3601320,52682.875,131211.8125
8,11,6,57,26,903,36,3601320,53793.125,128886.40625
8,11,6,59,6,903,36,3601320,54041.5,128723.703125
8,11,7,0,46,903,36,3601320,53620.5,129152.71875
8,11,7,0,47,903,36,3601320,53620.5,129152.71875
8,11,7,2,25,903,36,3601320,53620.5,129152.71875
8,11,7,4,7,903,36,3601320,53620.5,129152.71875
8,11,7,5,47,903,36,3601320,53620.5,129152.71875
8,11,7,7,35,903,36,3601320,53620.5,129152.71875
8,11,7,9,22,903,36,3601320,53620.5,129152.71875
8,11,7,11,10,903,36,3601320,53620.5,129152.71875
8,11,7,13,31,903,36,3601320,53620.5,129152.71875
8,11,7,15,21,903,36,3601320,53620.5,129152.71875
8,11,7,16,58,903,36,3601320,53620.5,129152.71875
8,11,7,18,38,903,36,3601320,53620.5,129152.71875
8,11,7,20,19,903,36,3601320,53620.5,129152.71875
8,11,7,21,55,903,36,3600318,53619.5,129153.46875
8,11,7,23,31,903,36,3600318,53120.25,129722.625
8,11,7,25,11,903,36,3600318,52624.375,131886.03125
8,11,7,25,11,903,36,3600318,52624.375,131886.03125
8,11,7,26,47,903,36,3600318,52277.375,133754.03125
8,11,7,28,25,903,36,3600318,51937.5,135562.421875
8,11,7,30,2,903,36,3600318,51732.0,136642.96875
8,11,7,31,35,903,36,3600318,51431.0,138275.515625
8,11,7,33,13,903,36,3600318,50867.625,141217.0
8,11,7,33,13,903,36,3600318,50867.625,141217.0
8,11,7,34,47,903,36,3600318,50578.25,142683.703125
8,11,7,36,24,903,36,3600318,49824.0,144105.71875
8,11,7,37,58,903,36,3600318,49876.375,144018.25
8,11,7,39,32,903,36,3600318,49536.5,144586.265625
8,11,7,41,12,903,36,3600318,49341.875,145528.359375
8,11,7,42,46,903,36,3600318,49326.875,146920.125
8,11,7,44,24,903,36,3600318,48740.5,147434.890625
8,11,7,46,3,903,36,3600318,48765.625,149134.90625
8,11,7,47,41,903,36,3600318,48814.375,150608.625
8,11,7,49,18,903,36,3600318,48337.625,151227.09375
8,11,7,50,53,903,36,3600318,47178.375,151250.96875
8,11,7,52,31,903,36,3600318,46378.375,151268.671875
8,11,7,54,9,903,36,3600318,46020.5,151276.359375
8,11,7,55,48,903,36,3600318,45939.375,151727.40625
8,11,7,57,25,903,36,3600318,45390.5,152529.78125
8,11,8,0,40,903,36,3600318,44552.75,153945.25
8,11,8,2,22,903,36,3600318,44043.25,154805.625
8,11,8,3,54,903,1,100007,43678.75,155421.296875
8,11,8,5,29,903,1,100007,42899.25,156316.90625
8,11,8,7,8,903,1,100007,41538.375,157554.890625
8,11,8,8,48,903,1,100007,40626.875,158267.859375
8,11,8,10,18,903,1,100007,40397.875,158016.265625
8,11,8,11,56,903,1,100007,39542.625,158712.5
8,11,8,13,43,903,1,100007,39502.5,160664.796875
8,11,8,15,28,903,1,100007,38640.375,161270.0
8,11,8,17,12,903,1,100007,36856.75,161918.375
8,11,8,18,56,903,1,100007,35995.75,165127.90625
8,11,8,20,37,903,1,100007,36082.875,167684.78125
8,11,8,22,22,903,1,100007,36263.625,168491.84375
8,11,8,24,8,903,1,101018,36091.625,168011.859375
8,11,8,25,50,903,1,101018,36091.625,168011.859375
8,11,8,27,34,903,1,101018,36097.375,166840.609375
8,11,8,29,8,903,1,101018,36007.875,165535.1875
8,11,8,49,33,903,1,101018,43490.625,155739.828125
8,11,8,49,33,903,1,101018,43490.625,155739.828125
8,11,8,50,59,903,1,101018,43836.875,155154.421875
8,11,8,52,23,903,36,3601320,44346.125,154294.046875
8,11,8,53,50,903,36,3601320,44611.0,153846.703125
8,11,8,55,19,903,36,3601320,44977.625,153226.984375
8,11,8,56,43,903,36,3601320,45438.25,152448.953125
8,11,8,58,3,903,36,3601320,45592.125,152241.28125
8,11,8,59,19,903,36,3601320,45613.75,151575.765625
8,11,9,0,40,903,36,3601320,46162.125,151273.234375
8,11,9,1,59,903,36,3601320,46778.0,151259.828125
8,11,9,3,11,903,36,3601320,47637.625,151242.4375
8,11,9,4,20,903,36,3601320,48826.125,151185.1875
8,11,9,5,42,903,36,3601320,48810.875,150465.3125
8,11,9,7,49,903,36,3601320,49330.75,147105.015625
8,11,9,7,50,903,36,3601320,49330.75,147105.015625
8,11,9,8,58,903,36,3601320,49327.875,144933.59375
8,11,9,10,8,903,36,3601320,49749.625,144230.46875
8,11,9,11,15,903,36,3601320,50204.5,143470.171875
8,11,9,12,20,903,36,3601320,50833.25,141140.6875
8,11,9,13,28,903,36,3601320,51225.875,139037.203125
8,11,9,14,35,903,36,3601320,51689.625,136519.375
8,11,9,15,41,903,36,3601320,51804.875,135910.453125
8,11,9,16,47,903,36,3601320,52322.375,133158.5
8,11,9,17,53,903,36,3601320,52595.625,131683.734375
8,11,9,18,58,903,36,3601320,53286.625,129406.421875
8,11,9,20,3,903,36,3601320,53849.0,128829.15625
8,11,9,21,7,903,36,3601320,54331.375,128350.09375
8,11,9,23,16,903,36,3601320,54153.5,128609.578125
8,11,9,24,19,903,36,3601320,53620.5,129152.71875
8,11,9,24,19,903,36,3601320,53620.5,129152.71875
8,11,9,25,20,903,36,3601320,53620.5,129152.71875
8,11,9,26,23,903,36,3601320,53620.5,129152.71875
8,11,9,27,27,903,36,3601320,53620.5,129152.71875
8,11,9,28,30,903,36,3601320,53620.5,129152.71875
8,11,9,29,33,903,36,3601320,53620.5,129152.71875
8,11,9,30,33,903,36,3601320,53620.5,129152.71875
8,11,9,31,36,903,36,3601320,53620.5,129152.71875
8,11,9,32,36,903,36,3601320,53620.5,129152.71875
8,11,9,33,38,903,36,3601320,53620.5,129152.71875
8,11,9,34,37,903,36,3601320,53620.5,129152.71875
8,11,9,35,39,903,36,3601320,53620.5,129152.71875
8,11,9,36,36,903,36,3601320,53620.5,129152.71875
8,11,9,37,42,903,36,3601320,53620.5,129152.71875
8,11,9,38,31,903,36,3601320,53620.5,129152.71875
8,11,9,39,32,903,36,3601320,53620.5,129152.71875
8,11,9,40,31,903,36,3601320,53620.5,129152.71875
8,11,9,41,31,903,36,3601320,53620.5,129152.71875
8,11,9,42,30,903,36,3601320,53620.5,129152.71875
8,11,9,43,26,903,36,3601320,53620.5,129152.71875
8,11,9,44,22,903,36,3600318,53619.5,129153.46875
8,11,9,45,18,903,36,3600318,53482.625,129297.625
8,11,9,46,11,903,36,3600318,53468.625,129312.125
8,11,9,47,5,903,36,3600318,52995.0,129972.359375
8,11,9,48,52,903,36,3600318,52602.125,132003.9375
8,11,9,48,53,903,36,3600318,52602.125,132003.9375
8,11,9,49,47,903,36,3600318,52444.625,132849.34375
8,11,9,50,44,903,36,3600318,52140.125,134481.203125
8,11,9,51,41,903,36,3600318,51766.125,136466.109375
8,11,9,52,37,903,36,3600318,51713.125,136741.109375
8,11,9,53,31,903,36,3600318,51441.75,138216.203125
8,11,9,54,27,903,36,3600318,51118.0,139966.671875
8,11,9,55,22,903,36,3600318,50838.875,141287.609375
8,11,9,56,16,903,36,3600318,50747.5,141779.328125
8,11,9,57,12,903,36,3600318,50451.375,143059.734375
8,11,9,58,8,903,36,3600318,49998.375,143813.78125
8,11,9,59,3,903,36,3600318,49587.875,144500.640625
8,11,9,59,58,903,36,3600318,49568.25,144533.109375
8,11,10,0,57,903,36,3600318,49362.875,146365.984375
8,11,10,2,44,903,36,3600318,48746.5,147772.984375
8,11,10,3,42,903,36,3600318,48762.625,148812.8125
8,11,10,4,31,903,36,3600318,48787.0,149727.34375
8,11,10,5,24,903,36,3600318,48817.25,150786.59375
8,11,10,6,19,903,36,3600318,48821.0,150966.75
8,11,10,7,12,903,36,3600318,48821.75,151006.875
8,11,10,8,6,903,36,3600318,48823.75,151086.734375
8,11,10,9,5,903,36,3600318,48599.625,151223.125
8,11,10,9,53,903,36,3600318,47360.125,151247.078125
8,11,10,10,48,903,36,3600318,46740.25,151260.5625
8,11,10,11,41,903,36,3600318,46060.5,151275.578125
8,11,10,12,36,903,36,3600318,45936.5,151587.734375
8,11,10,13,30,903,36,3600318,45841.25,152035.40625
8,11,10,14,24,903,36,3600318,45502.5,152340.4375
8,11,10,15,16,903,36,3600318,45410.75,152495.09375
8,11,10,16,10,903,36,3600318,45176.625,152891.109375
8,11,10,17,5,903,36,3600318,45041.5,153119.21875
8,11,10,18,1,903,36,3600318,44746.25,153618.234375
8,11,10,18,56,903,36,3600318,44430.375,154151.9375
8,11,10,19,50,903,36,3600318,44206.125,154530.28125
8,11,10,20,45,903,36,3600318,44073.875,154754.3125
8,11,10,21,43,903,1,100007,43811.375,155197.609375
8,11,10,22,37,903,1,100007,43729.875,155335.296875
8,11,10,23,31,903,1,100007,43195.125,156047.703125
8,11,10,24,26,903,1,100007,43076.625,156155.453125
8,11,10,25,21,903,1,100007,42958.625,156262.84375
8,11,10,26,16,903,1,100007,42795.75,156410.875
8,11,10,27,10,903,1,100007,41982.125,157151.046875
8,11,10,28,4,903,1,100007,41079.625,157972.171875
8,11,10,28,59,903,1,100007,40572.875,158208.359375
8,11,10,29,54,903,1,100007,39595.75,158444.75
8,11,10,30,48,903,1,100007,39563.625,159552.296875
8,11,10,31,44,903,1,100007,39580.375,160211.953125
8,11,10,32,40,903,1,100007,39542.5,160663.640625
8,11,10,33,34,903,1,100007,38627.625,160749.984375
8,11,10,34,28,903,1,100007,38600.125,161465.984375
8,11,10,35,22,903,1,100007,37424.75,161582.734375
8,11,10,36,17,903,1,100007,37424.75,161582.734375
8,11,10,37,11,903,1,100007,36280.625,162705.890625
8,11,10,38,59,903,1,100007,36103.625,167055.375
8,11,10,39,53,903,1,100007,36168.0,168193.125
8,11,10,40,48,903,1,100007,36263.625,168491.84375
8,11,10,41,42,903,1,100007,36263.625,168491.84375
8,11,10,42,37,903,1,100007,36263.625,168491.84375
8,11,10,43,30,903,1,100007,36263.625,168491.84375
8,11,10,44,26,903,1,100007,36263.625,168491.84375
8,11,10,45,21,903,1,100007,36263.625,168491.84375
8,11,10,46,17,903,1,100007,36263.625,168491.84375
8,11,10,47,12,903,1,100007,36263.625,168491.84375
8,11,10,48,6,903,1,100007,36263.625,168491.84375
8,11,10,49,2,903,1,100007,36263.625,168491.84375
8,11,10,49,57,903,1,100007,36263.625,168491.84375
8,11,10,50,58,903,1,100007,36263.625,168491.84375
8,11,10,51,49,903,1,100007,36263.625,168491.84375
8,11,10,52,46,903,1,100007,36263.625,168491.84375
8,11,10,53,42,903,1,100007,36263.625,168491.84375
8,11,10,54,38,903,1,100007,36263.625,168491.84375
8,11,10,55,35,903,1,100007,36263.625,168491.84375
8,11,10,56,31,903,1,100007,36263.625,168491.84375
8,11,10,57,27,903,1,100007,36263.625,168491.84375
8,11,10,58,24,903,1,100007,36263.625,168491.84375
8,11,10,59,20,903,1,100007,36263.625,168491.84375
8,11,11,0,26,903,1,100007,36263.625,168491.84375
8,11,11,2,35,903,1,100007,36263.625,168491.84375
8,11,11,3,36,903,1,100007,36263.625,168491.84375
8,11,11,4,34,903,1,100007,36263.625,168491.84375
8,11,11,5,37,903,1,100007,36263.625,168491.84375
8,11,11,6,26,903,1,101018,36262.875,168491.125
8,11,11,7,21,903,1,101018,36262.875,168491.125
8,11,11,8,18,903,1,101018,36262.875,168491.125
8,11,11,9,16,903,1,101018,36085.375,167771.921875
8,11,11,10,13,903,1,101018,36088.5,166560.953125
8,11,11,11,9,903,1,101018,35976.875,164451.5
8,11,11,12,5,903,1,101018,35946.0,163411.96875
8,11,11,13,1,903,1,101018,36785.125,161961.03125
8,11,11,13,59,903,1,101018,37657.0,161490.1875
8,11,11,14,56,903,1,101018,38643.0,161373.203125
8,11,11,16,51,903,1,101018,39266.375,160520.625
8,11,11,17,46,903,1,101018,39260.75,160300.734375
8,11,11,18,41,903,1,101018,39244.625,159660.765625
8,11,11,19,38,903,1,101018,39285.625,158489.5625
8,11,11,20,35,903,1,101018,40011.5,158072.421875
8,11,11,21,31,903,1,101018,40598.625,158236.6875
8,11,11,22,29,903,1,101018,41255.75,157811.828125
8,11,11,23,27,903,1,101018,41876.875,157246.515625
8,11,11,24,23,903,1,101018,42291.375,156869.890625
8,11,11,25,21,903,1,101018,42794.25,156412.375
8,11,11,26,20,903,1,101018,43090.25,156143.15625
8,11,11,27,18,903,1,101018,43306.125,155946.65625
8,11,11,28,15,903,1,101018,43602.625,155550.484375
8,11,11,29,11,903,1,101018,43816.625,155188.75
8,11,11,30,7,903,36,3601320,44207.625,154528.0625
8,11,11,31,4,903,36,3601320,44452.125,154115.03125
8,11,11,32,0,903,36,3601320,44706.75,153684.671875
8,11,11,32,56,903,36,3601320,44910.5,153340.671875
8,11,11,33,52,903,36,3601320,45175.5,152892.953125
8,11,11,34,50,903,36,3601320,45356.75,152586.609375
8,11,11,35,47,903,36,3601320,45479.125,152380.296875
8,11,11,36,45,903,36,3601320,45618.0,151755.546875
8,11,11,37,42,903,36,3601320,45842.125,151280.1875
8,11,11,38,37,903,36,3601320,46326.125,151269.6875
8,11,11,39,34,903,36,3601320,46326.125,151269.6875
8,11,11,40,31,903,36,3601320,47045.875,151253.90625
8,11,11,41,29,903,36,3601320,47225.875,151250.046875
8,11,11,42,24,903,36,3601320,47825.75,151244.28125
8,11,11,43,21,903,36,3601320,48685.25,151221.46875
8,11,11,44,18,903,36,3601320,48826.125,151185.1875
8,11,11,45,15,903,36,3601320,48822.75,151045.15625
8,11,11,46,12,903,36,3601320,48866.75,149511.28125
8,11,11,47,8,903,36,3601320,49363.625,148904.109375
8,11,11,48,5,903,36,3601320,49332.625,147204.953125
8,11,11,48,5,903,36,3601320,49332.625,147204.953125
8,11,11,49,4,903,36,3601320,49345.0,145653.078125
8,11,11,49,59,903,36,3601320,49533.875,144590.6875
8,11,11,50,56,903,36,3601320,49964.875,143869.515625
8,11,11,52,51,903,36,3601320,50776.0,141627.015625
8,11,11,53,49,903,36,3601320,50987.625,140315.03125
8,11,11,54,44,903,36,3601320,51434.75,137916.453125
8,11,11,55,41,903,36,3601320,51735.625,136277.703125
8,11,11,56,39,903,36,3601320,51865.25,135590.078125
8,11,11,57,35,903,36,3601320,52020.625,134744.34375
8,11,11,58,32,903,36,3601320,52323.25,133152.640625
8,11,11,59,30,903,36,3601320,52610.75,131599.171875
8,11,12,0,26,903,36,3601320,52793.875,130616.109375
8,11,12,1,23,903,36,3601320,53331.875,129358.5
8,11,12,2,21,903,36,3601320,53849.0,128829.15625
8,11,12,3,19,903,36,3601320,54267.125,128401.65625
8,11,12,4,18,903,36,3601320,54153.5,128609.578125
8,11,12,5,15,903,36,3601320,53620.5,129152.71875
8,11,12,5,15,903,36,3601320,53620.5,129152.71875
8,11,12,6,12,903,36,3601320,53620.5,129152.71875
8,11,12,7,10,903,36,3601320,53620.5,129152.71875
8,11,12,8,8,903,36,3601320,53620.5,129152.71875
8,11,12,9,5,903,36,3601320,53620.5,129152.71875
8,11,12,10,4,903,36,3601320,53620.5,129152.71875
8,11,12,11,0,903,36,3601320,53620.5,129152.71875
8,11,12,11,58,903,36,3601320,53620.5,129152.71875
8,11,12,12,54,903,36,3601320,53620.5,129152.71875
8,11,12,13,53,903,36,3601320,53620.5,129152.71875
8,11,12,14,51,903,36,3601320,53620.5,129152.71875
8,11,12,15,50,903,36,3601320,53620.5,129152.71875
8,11,12,16,46,903,36,3601320,53620.5,129152.71875
8,11,12,17,47,903,36,3601320,53620.5,129152.71875
8,11,12,18,41,903,36,3601320,53620.5,129152.71875
8,11,12,19,41,903,36,3601320,53620.5,129152.71875
8,11,12,20,37,903,36,3601320,53620.5,129152.71875
8,11,12,21,36,903,36,3601320,53620.5,129152.71875
8,11,12,22,34,903,36,3601320,53620.5,129152.71875
8,11,12,23,32,903,36,3601320,53620.5,129152.71875
8,11,12,24,31,903,36,3600318,53619.5,129153.46875
8,11,12,25,30,903,36,3600318,53223.875,129575.8125
8,11,12,26,26,903,36,3600318,53088.625,129773.578125
8,11,12,27,25,903,36,3600318,52766.125,131119.015625
8,11,12,28,23,903,36,3600318,52631.75,131846.5
8,11,12,29,23,903,36,3600318,52307.0,133596.578125
8,11,12,30,21,903,36,3600318,51926.5,135621.375
8,11,12,31,21,903,36,3600318,51709.75,136760.875
8,11,12,32,19,903,36,3600318,51543.875,137665.90625
8,11,12,33,20,903,36,3600318,51081.5,140163.28125
8,11,12,33,20,903,36,3600318,51081.5,140163.28125
8,11,12,34,20,903,36,3600318,50787.875,141562.9375
8,11,12,35,21,903,36,3600318,50593.0,142604.984375
8,11,12,36,20,903,36,3600318,50090.875,143659.515625
8,11,12,37,19,903,36,3600318,49866.125,144035.59375
8,11,12,39,18,903,36,3600318,49349.0,145808.046875
8,11,12,40,18,903,36,3600318,49101.375,147291.125
8,11,12,41,19,903,36,3600318,48757.875,148374.734375
8,11,12,42,19,903,36,3600318,48802.625,149592.421875
8,11,12,44,19,903,36,3600318,48757.5,151220.4375
8,11,12,45,19,903,36,3600318,48557.75,151223.578125
8,11,12,46,6,903,36,3600318,48437.625,151225.53125
8,11,12,47,19,903,36,3600318,48437.625,151225.53125
8,11,13,30,33,903,36,3600318,44501.625,154031.25
8,11,13,30,34,903,36,3600318,44501.625,154031.25
8,11,13,31,37,903,36,3600318,44053.25,154788.640625
8,11,13,32,39,903,1,100007,43686.5,155408.375
8,11,13,33,41,903,1,100007,43483.0,155752.75
8,11,13,34,47,903,1,100007,42348.0,156818.0625
8,11,13,35,51,903,1,100007,42037.625,157100.703125
8,11,13,36,52,903,1,100007,41416.25,157666.015625
8,11,13,37,55,903,1,100007,40610.0,158249.21875
8,11,13,38,59,903,1,100007,40157.125,157940.390625
8,11,13,40,3,903,1,100007,39541.0,158657.796875
8,11,13,41,6,903,1,100007,39587.125,160477.0625
8,11,13,42,8,903,1,100007,38627.375,160735.03125
8,11,13,43,11,903,1,100007,38535.125,161467.640625
8,11,13,44,13,903,1,100007,37317.25,161646.15625
8,11,13,45,16,903,1,100007,36277.75,162709.953125
8,11,13,46,19,903,1,100007,35987.125,164832.921875
8,11,13,47,22,903,1,100007,36096.625,166818.375
8,11,13,48,26,903,1,100007,36291.0,168190.671875
8,11,13,49,30,903,1,101018,36086.0,167791.96875
8,11,13,50,39,903,1,101018,36080.5,167592.15625
8,11,13,51,39,903,1,101018,36080.5,167592.15625
8,11,13,52,43,903,1,101018,36025.125,166114.9375
8,11,14,12,6,903,1,101018,43551.75,155636.484375
8,11,14,12,7,903,1,101018,43551.75,155636.484375
8,11,14,13,13,903,1,101018,43775.75,155257.78125
8,11,14,14,17,903,36,3601320,44132.375,154655.390625
8,11,14,15,22,903,36,3601320,44213.75,154517.71875
8,11,14,17,34,903,36,3601320,44845.375,153450.65625
8,11,14,18,40,903,36,3601320,45407.625,152500.625
8,11,14,19,45,903,36,3601320,45523.5,152314.125
8,11,14,20,53,903,36,3601320,45617.375,151735.5
8,11,14,21,58,903,36,3601320,45802.125,151280.96875
8,11,14,23,4,903,36,3601320,46102.125,151274.40625
8,11,14,24,11,903,36,3601320,46617.875,151263.296875
8,11,14,25,17,903,36,3601320,47097.875,151252.890625
8,11,14,26,24,903,36,3601320,47777.625,151245.203125
8,11,14,27,31,903,36,3601320,48825.625,151169.15625
8,11,14,28,38,903,36,3601320,48822.0,151009.0625
8,11,14,29,46,903,36,3601320,48809.875,150429.203125
8,11,14,30,51,903,36,3601320,49092.5,149290.21875
8,11,14,33,4,903,36,3601320,49329.375,147048.859375
8,11,14,33,5,903,36,3601320,49329.375,147048.859375
8,11,14,34,12,903,36,3601320,49343.375,145597.28125
8,11,14,35,20,903,36,3601320,49418.625,144782.625
8,11,14,36,26,903,36,3601320,49634.5,144422.390625
8,11,14,37,33,903,36,3601320,49975.125,143852.546875
8,11,14,38,43,903,36,3601320,50108.875,143629.609375
8,11,14,39,53,903,36,3601320,50438.75,143081.140625
8,11,14,41,5,903,36,3601320,50643.875,142334.765625
8,11,14,43,31,903,36,3601320,50921.25,140669.09375
8,11,14,44,45,903,36,3601320,51526.375,137425.09375
8,11,14,45,54,903,36,3601320,51678.375,136578.328125
8,11,14,47,4,903,36,3601320,51867.625,135576.15625
8,11,14,48,14,903,36,3601320,52117.0,134239.390625
8,11,14,49,27,903,36,3601320,52456.375,132431.015625
8,11,14,50,39,903,36,3601320,52599.125,131663.96875
8,11,14,51,53,903,36,3601320,52868.125,130208.640625
8,11,14,53,7,903,36,3601320,53611.0,129071.90625
8,11,14,54,21,903,36,3601320,53779.0,128900.53125
8,11,14,55,36,903,36,3601320,54155.125,128516.15625
8,11,14,56,52,903,36,3601320,53620.5,129152.71875
8,11,14,58,6,903,36,3601320,53620.5,129152.71875
8,11,14,59,20,903,36,3601320,53620.5,129152.71875
8,11,15,0,36,903,36,3601320,53620.5,129152.71875
8,11,15,1,52,903,36,3601320,53620.5,129152.71875
8,11,15,3,11,903,36,3601320,53620.5,129152.71875
8,11,15,4,27,903,36,3601320,53620.5,129152.71875
8,11,15,5,44,903,36,3601320,53620.5,129152.71875
8,11,15,7,3,903,36,3601320,53620.5,129152.71875
8,11,15,8,23,903,36,3600318,53579.125,129196.203125
8,11,15,9,43,903,36,3600318,53489.5,129290.5625
8,11,15,11,2,903,36,3600318,52755.125,131177.953125
8,11,15,12,21,903,36,3600318,52506.0,132515.078125
8,11,15,13,47,903,36,3600318,51963.25,135424.75
8,11,15,15,3,903,36,3600318,51720.5,136701.9375
8,11,15,16,21,903,36,3600318,51492.75,137940.875
8,11,15,17,42,903,36,3600318,50831.75,141327.140625
8,11,15,19,1,903,36,3600318,50234.875,143419.609375
8,11,15,20,26,903,36,3600318,49782.875,144174.375
8,11,15,21,49,903,36,3600318,49866.125,144035.59375
8,11,15,23,11,903,36,3600318,49804.625,144138.5625
8,11,15,24,33,903,36,3600318,49339.125,145428.078125
8,11,15,26,0,903,36,3600318,49281.125,147287.65625
8,11,15,27,26,903,36,3600318,48751.0,148014.78125
8,11,15,28,52,903,36,3600318,48892.125,149485.25
8,11,15,30,17,903,36,3600318,48820.0,150928.828125
8,11,15,31,41,903,36,3600318,48737.5,151220.828125
8,11,15,33,6,903,36,3600318,48697.625,151221.234375
8,11,15,34,30,903,36,3600318,48437.625,151225.53125
8,11,15,36,0,903,36,3600318,46678.375,151262.125
8,11,15,37,29,903,36,3600318,46058.5,151275.609375
8,11,15,38,59,903,36,3600318,45933.125,151429.828125
8,11,15,40,29,903,36,3600318,45936.125,151569.5
8,11,15,42,0,903,36,3600318,45841.25,152035.40625
8,11,15,43,29,903,36,3600318,45431.25,152460.75
8,11,15,45,0,903,36,3600318,45105.25,153011.4375
8,11,15,46,29,903,36,3600318,44776.75,153566.5625
8,11,15,48,2,903,36,3600318,44460.75,154100.265625
8,11,15,49,34,903,36,3600318,44073.875,154754.3125
8,11,15,51,8,903,1,100007,43709.375,155369.625
8,11,15,52,40,903,1,100007,43165.625,156074.546875
8,11,15,54,16,903,1,100007,42795.75,156410.875
8,11,15,55,53,903,1,100007,41937.75,157191.6875
8,11,15,57,29,903,1,100007,41183.0,157877.84375
8,11,15,59,3,903,1,100007,40572.875,158208.359375
8,11,16,0,38,903,1,100007,39539.875,158612.578125
8,11,16,2,15,903,1,100007,39582.125,160272.125
8,11,16,3,54,903,1,100007,39582.375,160662.859375
8,11,16,7,12,903,1,100007,38260.25,161474.546875
8,11,16,8,52,903,1,100007,36544.5,162198.234375
8,11,16,10,34,903,1,100007,35984.375,164727.90625
8,11,16,12,12,903,1,100007,36016.75,165829.4375
8,11,16,13,55,903,1,100007,36075.875,167406.90625
8,11,16,15,36,903,1,100007,36263.625,168491.84375
8,11,16,17,17,903,1,100007,36263.625,168491.84375
8,11,16,19,0,903,1,100007,36263.625,168491.84375
8,11,16,20,44,903,1,100007,36263.625,168491.84375
8,11,16,22,31,903,1,101018,36262.875,168491.125
8,11,16,24,17,903,1,101018,36101.0,166960.578125
8,11,16,26,5,903,1,101018,35974.125,164351.59375
8,11,16,27,52,903,1,101018,36550.375,162182.796875
8,11,16,29,35,903,1,101018,38638.0,161173.359375
8,11,16,31,22,903,1,101018,39273.375,160800.671875
8,11,16,33,10,903,1,101018,39233.125,159200.9375
8,11,16,34,59,903,1,101018,39345.5,158488.375
8,11,16,38,36,903,1,101018,41196.375,157865.90625
8,11,16,38,36,903,1,101018,41196.375,157865.90625
8,11,16,40,26,903,1,101018,41951.125,157179.390625
8,11,16,42,13,903,1,101018,42454.0,156721.859375
8,11,16,43,57,903,1,101018,43312.25,155941.4375
8,11,16,45,43,903,1,101018,43820.625,155182.109375
8,11,16,47,32,903,36,3601320,44105.875,154700.0625
8,11,16,49,20,903,36,3601320,44564.125,153925.6875
8,11,16,50,58,903,36,3601320,44880.0,153392.34375
8,11,16,50,58,903,36,3601320,44880.0,153392.34375
8,11,16,52,58,903,36,3601320,45387.375,152534.9375
8,11,16,54,52,903,36,3601320,45619.125,151815.71875
8,11,16,56,44,903,36,3601320,46062.125,151275.546875
8,11,16,58,37,903,36,3601320,46062.125,151275.546875
8,11,17,0,31,903,36,3601320,47061.875,151253.59375
8,11,17,2,23,903,36,3601320,48601.375,151223.09375
8,11,17,4,13,903,36,3601320,48823.125,151065.21875
8,11,17,6,4,903,36,3601320,48786.25,149705.46875
8,11,17,9,42,903,36,3601320,49363.375,146392.96875
8,11,17,9,43,903,36,3601320,49363.375,146392.96875
8,11,17,15,7,903,36,3601320,49554.375,144556.375
8,11,17,16,55,903,36,3601320,50170.5,143526.640625
8,11,17,18,47,903,36,3601320,50777.125,141620.78125
8,11,17,20,40,903,36,3601320,51104.875,139686.0
8,11,17,22,25,903,36,3601320,51711.75,136401.46875
8,11,17,24,16,903,36,3601320,52004.75,134828.5625
8,11,17,26,8,903,36,3601320,52560.0,131880.328125
8,11,17,27,55,903,36,3601320,53166.125,129540.0625
8,11,17,29,44,903,36,3601320,53793.125,128886.40625
8,11,17,31,34,903,36,3601320,54331.375,128350.09375
8,11,17,33,23,903,36,3601320,53620.5,129152.71875
8,11,17,35,14,903,36,3601320,53620.5,129152.71875
8,11,17,37,3,903,36,3601320,53620.5,129152.71875
8,11,17,38,52,903,36,3601320,53620.5,129152.71875
8,11,17,40,41,903,36,3601320,53620.5,129152.71875
8,11,17,42,38,903,36,3601320,53620.5,129152.71875
8,11,17,44,24,903,36,3601320,53620.5,129152.71875
8,11,17,46,11,903,36,3601320,53620.5,129152.71875
8,11,17,48,2,903,36,3601320,53620.5,129152.71875
8,11,17,50,51,903,36,3601320,53620.5,129152.71875
8,11,17,52,44,903,36,3600318,53619.5,129153.46875
8,11,17,54,32,903,36,3600318,53619.5,129153.46875
8,11,17,56,19,903,36,3600318,53619.5,129153.46875
8,11,17,58,8,903,36,3600318,53619.5,129153.46875
8,11,17,59,56,903,36,3600318,53033.0,129879.703125
8,11,18,1,39,903,36,3600318,52624.375,131886.03125
8,11,18,1,39,903,36,3600318,52624.375,131886.03125
8,11,18,3,31,903,36,3600318,52303.125,133616.359375
8,11,18,5,35,903,36,3600318,51789.0,136348.5625
8,11,18,7,5,903,36,3600318,51591.0,137409.984375
8,11,18,8,49,903,36,3600318,51030.5,140438.609375
8,11,18,10,32,903,36,3600318,50670.5,142192.328125
8,11,18,12,13,903,36,3600318,49803.375,144140.046875
8,11,18,13,58,903,36,3600318,49331.25,145108.28125
8,11,18,15,37,903,36,3600318,49241.25,147288.4375
8,11,18,17,17,903,36,3600318,48757.5,148354.671875
8,11,18,18,52,903,36,3600318,48787.625,149749.21875
8,11,18,20,31,903,36,3600318,48737.5,151220.828125
8,11,18,22,8,903,36,3600318,48457.5,151225.140625
8,11,18,23,44,903,36,3600318,47298.25,151248.65625
8,11,18,25,24,903,36,3600318,46318.5,151269.84375
8,11,18,26,55,903,36,3600318,45935.75,151549.4375
8,11,18,28,32,903,36,3600318,45939.5,151729.59375
8,11,18,30,4,903,36,3600318,45787.125,152092.640625
8,11,18,31,44,903,36,3600318,45410.75,152495.09375
8,11,18,33,4,903,36,3600318,45125.5,152977.109375
8,11,18,34,45,903,36,3600318,44878.5,153394.5625
8,11,18,36,22,903,36,3600318,44399.875,154203.609375
8,11,18,37,50,903,36,3600318,44023.0,154840.3125
8,11,18,39,21,903,1,100007,43750.25,155300.96875
8,11,18,40,50,903,1,100007,43617.625,155524.640625
8,11,18,42,16,903,1,100007,43003.0,156222.578125
8,11,18,43,43,903,1,100007,42292.5,156868.765625
8,11,18,45,9,903,1,100007,41390.25,157689.515625
8,11,18,46,40,903,1,100007,40872.375,158160.5
8,11,18,48,0,903,1,100007,40101.625,157990.734375
8,11,18,49,25,903,1,100007,39546.5,158872.578125
8,11,18,50,46,903,1,100007,39581.375,160252.0625
8,11,18,52,7,903,1,100007,39382.5,160667.90625
8,11,18,53,27,903,1,100007,38922.75,160679.203125
8,11,18,54,42,903,1,100007,38640.125,161464.828125
8,11,18,55,58,903,1,100007,37562.75,161501.1875
8,11,18,57,15,903,1,100007,36467.25,162421.59375
8,11,18,58,26,903,1,100007,35971.375,164248.390625
8,11,18,59,40,903,1,100007,36005.125,165447.671875
8,11,19,0,59,903,1,101004,36344.5,162608.296875
8,11,19,1,0,903,1,101004,36344.5,162608.296875
8,11,19,2,15,903,1,101004,37215.375,161706.203125
8,11,19,3,27,903,1,101004,38176.875,161476.578125
8,11,19,4,36,903,1,101004,39277.625,160980.453125
8,11,19,5,43,903,1,101004,39576.875,160073.75
8,11,19,7,1,903,1,101004,39579.625,160185.703125
8,11,19,8,18,903,1,101004,39579.625,160185.703125
8,11,19,9,34,903,1,101004,39579.625,160185.703125
8,11,19,10,48,903,1,101004,39579.625,160185.703125
8,11,19,12,2,903,1,101004,39579.625,160185.703125
8,11,19,14,30,903,1,101004,39579.625,160185.703125
8,11,19,16,51,903,1,101004,39579.625,160185.703125
8,11,19,18,0,903,1,101004,39579.625,160185.703125
8,11,19,19,3,903,1,101004,39579.625,160185.703125
8,11,19,20,7,903,1,101004,39579.625,160185.703125
8,11,19,21,11,903,1,101004,39579.625,160185.703125
8,11,19,22,17,903,1,101004,39579.625,160185.703125
8,11,19,23,21,903,1,100003,39579.625,160187.15625
8,11,19,24,25,903,1,100003,39579.625,160187.15625
8,11,19,25,27,903,1,100003,39579.625,160187.15625
8,11,19,26,29,903,1,100003,39579.625,160187.15625
8,11,19,27,28,903,1,100003,39579.625,160187.15625
8,11,19,27,34,903,1,100003,39579.625,160187.15625
8,11,19,29,24,903,1,100003,39228.625,160671.6875
8,11,19,30,24,903,1,100003,39168.75,160673.234375
8,11,19,31,23,903,1,100003,38748.625,160683.75
8,11,19,32,18,903,1,100003,38645.25,161464.0
8,11,19,33,13,903,1,100003,38106.375,161478.34375
8,11,19,34,10,903,1,100003,37378.5,161609.921875
8,11,19,35,3,903,1,100003,36338.75,162617.15625
8,11,19,35,59,903,1,100003,35966.75,164082.125
8,11,19,36,53,903,1,100003,36020.625,165961.421875
8,11,19,37,44,903,1,100003,36087.125,167838.65625
8,11,19,38,37,903,1,100003,36299.5,168397.71875
8,11,19,39,28,903,1,101004,36080.75,167604.1875
8,11,19,40,24,903,1,101004,36094.125,166732.6875
8,11,19,41,20,903,1,101004,35994.125,165067.375
8,11,19,42,12,903,1,101004,36079.125,163027.3125
8,11,19,43,6,903,1,101004,37339.5,161632.953125
8,11,19,43,58,903,1,101004,38642.5,161349.125
8,11,19,44,49,903,1,101004,39268.375,160596.46875
8,11,19,45,45,903,1,101004,39252.0,159956.859375
8,11,19,46,36,903,1,101004,39242.25,159342.3125
8,11,19,47,24,903,1,101004,39579.625,160185.703125
8,11,19,47,25,903,1,101004,39579.625,160185.703125
8,11,19,48,12,903,1,101004,39579.625,160185.703125
8,11,19,49,0,903,1,101004,39579.625,160185.703125
8,11,19,50,40,903,1,101004,39579.625,160185.703125
8,11,19,51,27,903,1,101004,39579.625,160185.703125
8,11,19,52,12,903,1,101004,39579.625,160185.703125
8,11,19,52,59,903,1,101004,39579.625,160185.703125
8,11,19,53,46,903,1,100003,39588.375,160525.921875
8,11,19,53,46,903,1,100003,39588.375,160525.921875
9,11,0,39,42,903,1,101002,43490.625,155739.828125
9,11,0,39,42,903,1,101002,43500.875,155722.484375
9,11,0,40,10,903,1,101002,43602.625,155550.484375
9,11,0,40,36,903,1,101002,43806.375,155206.109375
9,11,0,41,5,903,1,101002,43806.375,155206.109375
9,11,0,41,32,903,1,101002,44040.625,154810.0625
9,11,0,41,58,903,1,101002,44132.375,154655.390625
9,11,0,42,27,903,1,101002,44315.5,154345.71875
9,11,0,42,54,903,1,101002,44560.125,153932.703125
9,11,0,43,22,903,1,101002,44601.0,153863.671875
9,11,0,43,49,903,1,101002,44855.625,153433.3125
9,11,0,44,19,903,1,101002,44906.5,153347.3125
9,11,0,44,46,903,1,101002,45181.625,152882.625
9,11,0,45,14,903,1,101002,45285.625,152706.9375
9,11,0,45,40,903,1,101002,45458.5,152414.625
9,11,0,46,8,903,1,101002,45550.75,152284.765625
9,11,0,46,37,903,1,101002,45623.875,152035.265625
9,11,0,47,5,903,1,101002,45615.5,151655.625
9,11,0,47,35,903,1,101002,45615.125,151635.578125
9,11,0,48,2,903,1,101002,45656.625,151447.609375
9,11,0,48,30,903,1,101002,46082.125,151275.15625
